5.000745682346489e-08
0.003367236205676135
5.000745682346489e-08
0.04713552167601959
0.006695223280085563
5.000745682346489e-08
5.000745682346489e-08
5.000745682346489e-08
5.000745682346489e-08
5.000745682346489e-08
5.000745682346489e-08
5.000745682346489e-08
5.000745682346489e-08
0.01784661597712344
0.10287321032809389
0.0033257296782133144
0.006679690101160751
0.05341828010217553
0.003367236205676135
0.0051568566400913875
0.0017256482032147599
0.031323924942874205
0.0051568566400913875
0.08140553048465454
0.010407001105310417
0.06272278671657021
5.000745682346489e-08
0.9688731027768882
5.000745682346489e-08
0.015002586577231894
0.029732517129690838
0.03883468073504441
0.06521351313758181
5.000745682346489e-08
0.0025853228688921316
0.02108270567410179
0.0015098180596611447
0.021101193715538036
0.0005762094177209687
0.135175410926379
0.006679690101160751
0.002042812983838773
0.010344601431732077
0.09899451814345206
0.005400177154040013
0.013224926658824743
0.0028611221110810513
0.04165489440686187
5.000745682346489e-08
0.00410639551839393
0.010639958044099371
0.022492417262156377
5.000745682346489e-08
3.472732771192168e-05
0.0025853228688921316
0.001571612209832231
5.000745682346489e-08
0.04118192093678657
0.0015579903970519163
0.008960343785089711
0.0582782085236017
0.0008353259219265043
0.0008489971464393463
0.025220621409898166
0.04280542652288153
0.07650374388206495
0.004350654467002181
0.0036826408310894044
0.0015916135041653793
0.0033801062553310245
0.004524664476163043
5.000745682346489e-08
5.000745682346489e-08
5.000745682346489e-08
0.005400177154040013
0.0011422663318172309
0.06162336764781016
0.0033848949162345607
0.08607948951034687
0.0025853228688921316
0.009638660655395342
0.08588484069138198
5.000745682346489e-08
0.11823646579365837
0.010639958044099371
0.008279529630724468
0.016605980697760144
5.000745682346489e-08
0.002182184942150381
0.005625110956974948
0.03883468073504441
0.037954388702507266
0.07731913149788104
0.007546466637566647
5.000745682346489e-08
0.002182184942150381
0.35016852056146214
0.0031198534481496594
0.03682506444299143
0.011547372955689318
