0.02740419128551447
0.030879196446530855
0.02739922798826691
0.027384149457373646
0.02811651451734618
0.0304607404306822
0.02822795534045164
0.034993471038685976
0.030782464406107518
0.02824075702399371
0.031065728653360877
0.030502588574595896
0.03292181026704209
0.028411302078500077
0.02738297662636241
0.027384149457373646
0.02740959650147444
0.027655293320591957
0.027655275299230873
0.029500335888291804
0.02774077467665884
0.027443704737305303
0.027395995360417237
0.03265379288576193
0.02740419128551447
0.028976659216537935
0.027548096376450594
0.027471547712480365
0.027427258740846776
0.029959598569387937
0.027995882750515694
0.05801410736482644
0.02774077467665884
0.027375002049619703
0.04378176168095756
0.02838562481651203
0.03095968680604652
0.02770252690030804
0.02740419128551447
0.03904016804610952
0.027621418958025376
0.028893161099215147
0.027375002049619703
0.03014836632927056
0.027409009039142656
0.02736697851993394
0.027655275299230873
0.03921111877199942
0.0276205862540636
0.027388937833993987
0.02930427873381604
0.02736697851993394
0.033195613679940755
0.03260812408735953
0.032282439409992585
0.04704251348657698
0.028034185791093562
0.030133802824183167
0.031177561001653076
0.027704210986309256
0.04439321875329487
0.030170226640925512
0.033603338671822885
0.028414551402817064
0.05363787012476635
0.02736697851993394
0.02770768301066754
0.027655293320591957
0.02926632303975285
0.02736697851993394
0.02837016727905487
0.027409603818527684
0.02739231079572718
0.04780574796558615
0.02736697851993394
0.039010688785154575
0.02736697851993394
0.04992700040658645
0.03250355534628289
0.02736697851993394
0.02791878829219598
0.030307543084358818
0.03653972123944713
0.029804522851356225
0.02773954401758757
0.02796056073376803
0.031663669368992224
0.02738751094478814
0.02736697851993394
0.028042851405363604
0.030593789527773644
0.027449216653231592
0.02739922798826691
0.054730243264192284
0.036119815929837
0.028204148212536105
0.028287735978514812
0.02740419128551447
0.02740419128551447
0.027423522769931485
0.027655293320591957
0.03084121946106999
0.04301983839422498
0.02736697851993394
0.027377253295677795
0.03254942403634471
0.028160820863267058
0.028204148212536105
0.027371337305744436
0.029174726788078198
0.02736697851993394
0.02736697851993394
0.029525265184307353
0.029544558839625947
0.027665644423145636
0.04420977694333578
0.03208932510699304
0.030275930029948585
0.02744303383441663
0.029908681119802605
0.030032057086207497
0.03794298416586734
0.02740419128551447
0.02862265640662965
0.030477875877808897
0.045323642807714726
0.027429268821346275
0.027409603818527684
0.03621136050109778
0.027377253295677795
0.02739935283486317
0.02740419128551447
0.03320114636792993
0.028675907753792664
0.0993477632006404
0.029500335888291804
0.04447185385731542
0.027377253295677795
0.030634549995682724
0.02739922798826691
0.027426578170493807
0.03140208548413589
0.02796056073376803
0.02739075372197641
0.027527866691344244
0.027401510897512797
0.027655293320591957
0.027376999127640845
0.039500625216776296
0.03945653893410181
0.029911924116347754
0.027527866691344244
0.02736697851993394
0.030120715551879052
0.03292181026704209
0.028471411993440505
0.02740419128551447
0.035485744334936314
0.02740419128551447
0.028862980857488094
0.02741702870090514
0.034710929264357974
0.02856403364986366
0.030323328716125735
0.027409603818527684
0.03095968680604652
0.02796056073376803
0.030187090811889906
0.02772555614775772
0.04587857565177833
0.028435413590941302
0.0326990611114936
0.027376999127640845
0.028363532408675625
0.02740419128551447
0.027397438219256377
0.02736926542386986
0.027429268821346275
0.02768688569605562
0.03714353249106092
0.028006681188036463
0.03084121946106999
0.040168746123668886
0.02740419128551447
0.02876430299090628
0.02739304770721915
0.028323779968801217
0.02738297662636241
0.03656658557490484
0.027964178141427622
0.031215236994150547
0.027685327028353957
0.031693297482582504
0.028414551402817064
0.02736697851993394
0.027360858738870095
0.09189820296879099
0.02738751094478814
0.02740418347415182
0.030243571053628054
