0.864548597490463
0.999370379042756
0.998694606046542
4.66581285752609
0.864548597490463
0.999370379042756
0.998694606046542
5.02668851760602
0.731845593128814
0.999370379042756
0.998694606046542
3.66736030697356
0.805686269116249
0.999370379042756
0.998694606046542
5.45824851443084
0.83242011502834
0.999370379042756
0.998694606046542
3.66736030697356
0.731845593128814
0.999370379042756
0.998694606046542
5.45824851443084
0.83242011502834
0.999370379042756
0.998694606046542
5.45824851443084
0.83242011502834
0.999370379042756
0.998694606046542
5.02668851760602
1.02563065307053
0.999370379042756
0.998694606046542
4.86329045915195
0.83242011502834
0.999370379042756
0.998694606046542
4.94873684838868
0.898421363458105
1.04604150322923
1.09751685422906
4.97746767602003
0.931089197142452
1.11512533125114
0.998694606046542
4.97746767602003
0.731845593128814
0.999370379042756
1.14355620314999
4.94873684838868
0.83242011502834
0.999370379042756
0.998694606046542
4.50431932920147
0.894308820888811
1.0337571288355
0.998694606046542
5.02668851760602
0.731845593128814
1.04044980361241
0.998694606046542
4.00199873411488
0.731845593128814
0.999370379042756
1.14355620314999
5.02668851760602
0.59844456286224
0.999370379042756
1.16091840158093
4.39519597419855
1.13263553405921
1.08047868924798
0.865117238008057
3.28068847921145
0.993873202074121
0.999370379042756
1.04530528312517
4.94873684838868
0.731845593128814
0.999370379042756
1.14355620314999
4.94873684838868
0.95304178923053
1.08047868924798
0.83542448732637
4.97746767602003
0.730693894874002
0.889758293605888
0.998694606046542
5.0822228288392
0.831582587478454
0.999370379042756
1.12538928118826
3.99338074721259
0.870080096533928
0.978223508665776
0.998694606046542
5.02668851760602
0.894308820888811
1.09708378922059
0.998694606046542
4.94873684838868
0.931089197142452
1.11512533125114
1.08526027316245
4.97746767602003
0.83242011502834
0.839735416164372
0.998694606046542
6.36652877326315
0.609352541925277
0.889758293605888
0.998694606046542
5.84529072126145
0.864548597490463
0.999370379042756
0.998694606046542
4.97746767602003
1.21588140564849
1.08047868924798
0.83542448732637
3.01450449735299
0.812151338560154
1.1894552975468
1.31735667934803
4.94873684838868
0.731845593128814
0.999370379042756
1.14355620314999
5.12700246652939
1.24189615199933
1.1729893722374
0.83542448732637
4.07458031675362
0.864548597490463
0.992281911249094
0.998694606046542
4.86875381571073
1.02563065307053
0.999370379042756
0.998694606046542
5.02668851760602
0.901605584551701
1.21647981693436
1.07946060891679
5.02668851760602
0.864548597490463
0.999370379042756
0.998694606046542
4.97746767602003
0.911899147927722
1.2728353961241
1.31735667934803
5.00735398461128
1.02066222521923
1.08047868924798
0.83542448732637
3.01450449735299
0.731845593128814
1.01166186356261
1.14355620314999
5.02668851760602
0.682813509562204
0.999370379042756
0.861037761866513
3.30322903722162
0.851225363740433
0.992936694236488
1.29276406633829
5.82311453832507
1.13263553405921
1.08047868924798
0.83542448732637
4.07458031675362
0.864548597490463
0.999370379042756
0.998694606046542
5.02668851760602
0.59844456286224
0.999370379042756
1.16091840158093
3.66736030697356
0.95304178923053
1.08047868924798
0.83542448732637
3.01450449735299
0.805686269116249
1.17136845090459
0.998694606046542
5.02668851760602
0.83242011502834
0.999370379042756
0.998694606046542
5.02668851760602
0.805686269116249
0.999370379042756
0.998694606046542
5.02668851760602
0.731845593128814
0.999370379042756
1.14355620314999
5.12700246652939
0.805686269116249
0.999370379042756
0.998694606046542
5.0822228288392
0.730693894874002
0.889758293605888
0.998694606046542
5.0822228288392
0.617533225150212
1.07221811281365
1.28437782759887
5.02668851760602
0.83242011502834
0.999370379042756
0.998694606046542
5.00735398461128
0.864548597490463
1.03168190690532
0.929942626990698
4.07458031675362
0.617533225150212
1.07221811281365
1.10942685867834
3.66736030697356
0.83242011502834
0.999370379042756
1.11664041937686
5.45824851443084
0.83242011502834
0.999370379042756
0.998694606046542
5.45824851443084
0.805686269116249
0.999370379042756
0.998694606046542
5.02668851760602
0.851225363740433
0.999370379042756
1.14355620314999
4.94873684838868
0.731845593128814
0.999370379042756
0.998694606046542
5.02668851760602
0.617533225150212
1.07221811281365
1.10942685867834
5.02668851760602
0.83242011502834
0.999370379042756
0.998694606046542
4.86329045915195
0.95304178923053
1.08047868924798
0.83542448732637
5.12700246652939
0.958018015062236
1.03425782627556
0.998694606046542
5.02668851760602
0.891192756105848
0.935914529503318
1.1245214079967
4.97746767602003
0.59844456286224
0.999370379042756
1.16091840158093
5.02668851760602
0.894308820888811
1.0337571288355
0.998694606046542
4.94873684838868
0.731845593128814
0.999370379042756
1.14355620314999
5.02668851760602
0.931089197142452
1.11512533125114
1.08526027316245
5.02668851760602
0.894308820888811
1.0337571288355
0.998694606046542
4.62640417387954
0.83242011502834
0.999370379042756
0.937899399773492
4.86329045915195
0.682813509562204
1.01862875399337
0.861037761866513
3.30322903722162
0.617533225150212
1.07221811281365
1.28437782759887
5.0822228288392
0.671386044876239
0.807836988700187
1.26059128442615
5.02668851760602
0.931089197142452
1.11512533125114
0.998694606046542
5.02668851760602
0.846731643304705
0.942772064312412
1.14355620314999
5.12700246652939
0.839634205193144
0.999370379042756
1.1222236819487
4.97746767602003
0.731845593128814
0.999370379042756
1.14355620314999
5.02668851760602
0.83242011502834
0.999370379042756
0.998694606046542
4.86329045915195
0.617533225150212
1.07221811281365
1.28437782759887
5.59976896852256
0.805686269116249
1.17136845090459
0.998694606046542
5.12700246652939
0.660360080858718
1.01166186356261
1.14355620314999
4.84120961528751
0.730693894874002
0.999370379042756
0.998694606046542
5.0822228288392
0.864548597490463
0.992281911249094
0.998694606046542
5.02668851760602
0.839634205193144
0.999370379042756
1.1222236819487
5.02668851760602
0.910372662581445
1.15131251401596
1.15685126174036
5.02668851760602
0.805686269116249
0.999370379042756
0.998694606046542
3.30322903722162
0.719947923351195
1.07221811281365
1.00129342338002
4.39253401827705
0.805686269116249
1.17136845090459
0.998694606046542
5.02668851760602
0.910372662581445
1.15131251401596
1.15685126174036
5.02668851760602
0.83242011502834
0.999370379042756
0.998694606046542
5.02668851760602
1.13263553405921
1.08047868924798
0.83542448732637
3.28068847921145
0.894308820888811
1.09708378922059
0.998694606046542
5.02668851760602
0.95304178923053
1.08047868924798
0.981933037339975
3.54810595870823
0.83242011502834
0.999370379042756
0.998694606046542
5.02668851760602
0.855799767012745
0.93269378683251
0.83542448732637
3.66736030697356
0.805686269116249
0.999370379042756
0.998694606046542
5.02668851760602
0.617533225150212
1.07221811281365
1.10942685867834
5.45824851443084
