6.130984767873509e-07
6.130984767873509e-07
6.130984767873509e-07
6.130984767873509e-07
6.130984767873509e-07
6.130984767873509e-07
6.130984767873509e-07
6.130984767873509e-07
6.130984767873509e-07
6.130984767873509e-07
0.003218098013042145
6.006442474979073
2.097140227738949
6.130984767873509e-07
0.4905684454524319
0.7045706636254817
2.097140227738949
2.630146343235959
9.146031244404544
0.21682220380960757
2.097140227738949
11.029521612205459
4.2980793945100695
1.6039751955829002
0.1749756859255378
4.207753913237342
2.5173775138275856
8.64220135441579
4.2980793945100695
6.130984767873509e-07
11.029521612205459
0.9854894858084553
2.097140227738949
29.241742968606204
0.019859477078950687
6.130984767873509e-07
16.075879541730853
6.130984767873509e-07
9.240393177600012
11.029521612205459
1.4424523769546018
1.8962228309218068
9.41517678237599
11.029521612205459
6.130984767873509e-07
2.630146343235959
11.029521612205459
13.972828263132861
6.130984767873509e-07
6.130984767873509e-07
2.097140227738949
6.130984767873509e-07
4.2980793945100695
1.8203289015478346
6.130984767873509e-07
1.8080099249881432
0.16701909248463742
1.3900240620828508
6.130984767873509e-07
6.130984767873509e-07
2.097140227738949
6.130984767873509e-07
0.16701909248463742
6.130984767873509e-07
11.029521612205459
0.5051975628815543
6.183577129495507
2.630146343235959
0.4905684454524319
2.097140227738949
2.5173775138275856
0.4905684454524319
0.37017230834070536
3.1179296902104268
1.8203289015478346
37.00219381984839
6.006442474979073
6.49237088453682
1.5247938547353423
2.097140227738949
6.130984767873509e-07
1.8203289015478346
13.972828263132861
1.4424523769546018
6.130984767873509e-07
0.019859477078950687
1.5247938547353423
2.867826836705986
6.130984767873509e-07
2.206232729445625
13.972828263132861
2.867826836705986
6.130984767873509e-07
11.029521612205459
4.207753913237342
3.4475448770408224
6.130984767873509e-07
0.12350829835795717
6.130984767873509e-07
0.16701909248463742
