129.343823011528
258.471725468956
389.205037760715
518.309919072609
648.004789289878
129.343823011528
258.471725468956
389.205037760715
518.309919072609
648.004789289878
129.343823011528
258.471725468956
389.205037760715
518.309919072609
648.004789289878
129.343823011528
258.471725468956
389.205037760715
518.309919072609
648.004789289878
129.343823011528
258.471725468956
389.205037760715
518.309919072609
648.004789289878
129.343823011528
258.471725468956
389.205037760715
518.309919072609
648.004789289878
129.343823011528
258.471725468956
389.205037760715
518.309919072609
648.004789289878
129.343823011528
258.471725468956
389.205037760715
518.309919072609
648.004789289878
129.343823011528
258.471725468956
389.205037760715
518.309919072609
648.004789289878
129.343823011528
258.471725468956
389.205037760715
518.309919072609
648.004789289878
93.7019326969922
258.471725468956
389.205037760715
518.309919072609
648.004789289878
129.343823011528
258.471725468956
389.205037760715
518.309919072609
648.004789289878
178.599619615428
258.471725468956
281.321339478604
518.309919072609
457.110498721171
77.1528076469904
258.471725468956
257.902125184008
474.700178152396
648.004789289878
129.343823011528
152.185299218148
389.205037760715
311.597781470542
648.004789289878
178.342081933756
258.471725468956
390.543583654551
518.309919072609
848.88412997703
193.00080699587
290.923229935372
389.205037760715
366.226199213544
627.897316899092
129.343823011528
258.471725468956
389.205037760715
518.309919072609
648.004789289878
93.7019326969922
258.471725468956
389.205037760715
518.309919072609
595.540262026951
129.343823011528
258.471725468956
389.205037760715
656.638934193382
574.556963890615
129.343823011528
258.471725468956
389.205037760715
518.309919072609
648.004789289878
129.343823011528
298.159851750291
294.622513709774
621.46108105072
434.364132515961
93.7019326969922
258.471725468956
389.205037760715
518.309919072609
648.004789289878
129.343823011528
152.185299218148
389.205037760715
518.309919072609
667.459436970228
104.965397926155
258.471725468956
355.263668261691
518.309919072609
648.004789289878
129.343823011528
258.471725468956
389.205037760715
518.309919072609
648.004789289878
129.343823011528
258.471725468956
389.205037760715
518.309919072609
648.004789289878
104.965397926155
258.471725468956
355.263668261691
518.309919072609
446.472490796698
129.343823011528
258.471725468956
389.205037760715
298.975366962001
648.004789289878
129.343823011528
258.471725468956
389.205037760715
518.309919072609
648.004789289878
104.965397926155
258.471725468956
355.263668261691
518.309919072609
446.472490796698
93.7019326969922
258.471725468956
501.74644664378
351.911769188785
828.849342978359
107.35941362956
205.916568646569
435.25785472982
518.309919072609
648.004789289878
129.343823011528
258.471725468956
389.205037760715
518.309919072609
595.540262026951
129.343823011528
258.471725468956
389.205037760715
351.911769188785
828.849342978359
129.343823011528
212.650493050906
358.591331282457
656.638934193382
574.556963890615
129.343823011528
258.471725468956
408.589915829828
518.309919072609
574.556963890615
122.03217019214
258.471725468956
468.380720058092
641.403791139674
572.058097199882
129.343823011528
258.471725468956
389.205037760715
518.309919072609
648.004789289878
129.343823011528
242.282517647789
390.543583654551
656.638934193382
574.556963890615
129.343823011528
258.471725468956
389.205037760715
518.309919072609
648.004789289878
129.343823011528
258.471725468956
408.589915829828
518.309919072609
648.004789289878
153.241724402863
258.471725468956
555.691969540512
443.526881849323
323.976354708929
129.343823011528
258.471725468956
389.205037760715
298.975366962001
648.004789289878
129.343823011528
298.159851750291
389.205037760715
518.309919072609
648.004789289878
129.343823011528
258.471725468956
389.205037760715
518.309919072609
648.004789289878
129.343823011528
258.471725468956
389.205037760715
571.626973303425
667.459436970228
129.343823011528
258.471725468956
389.205037760715
518.309919072609
574.556963890615
129.343823011528
258.471725468956
408.589915829828
343.960665059995
547.315589293457
104.659234365857
258.471725468956
221.216529642005
690.574852077419
798.773252227542
129.343823011528
265.95035758655
389.205037760715
518.309919072609
648.004789289878
93.7019326969922
258.471725468956
389.205037760715
518.309919072609
648.004789289878
129.343823011528
258.471725468956
389.205037760715
518.309919072609
667.459436970228
129.343823011528
258.471725468956
389.205037760715
518.309919072609
648.004789289878
93.7019326969922
253.295075926687
389.205037760715
351.911769188785
828.849342978359
129.343823011528
212.650493050906
358.591331282457
702.799174594292
888.090994872321
129.343823011528
265.95035758655
389.205037760715
518.309919072609
595.540262026951
129.343823011528
258.471725468956
389.205037760715
518.309919072609
648.004789289878
129.343823011528
258.471725468956
389.205037760715
518.309919072609
648.004789289878
129.343823011528
298.159851750291
389.205037760715
518.309919072609
648.004789289878
87.6889064367883
302.961691243557
355.263668261691
449.910557733278
538.526134724557
129.343823011528
258.471725468956
389.205037760715
518.309919072609
648.004789289878
129.343823011528
258.471725468956
389.205037760715
518.309919072609
648.004789289878
178.599619615428
172.775479649115
281.321339478604
518.309919072609
501.518833734634
93.7019326969922
258.471725468956
389.205037760715
518.309919072609
667.459436970228
93.7019326969922
258.471725468956
389.205037760715
518.309919072609
574.556963890615
129.343823011528
258.471725468956
389.205037760715
332.64893610279
753.604295863831
129.343823011528
258.471725468956
390.543583654551
656.638934193382
574.556963890615
129.343823011528
258.471725468956
389.205037760715
518.309919072609
648.004789289878
129.343823011528
258.471725468956
389.205037760715
518.309919072609
648.004789289878
125.125683175793
258.471725468956
389.205037760715
518.309919072609
648.004789289878
129.343823011528
258.471725468956
355.263668261691
518.309919072609
446.472490796698
129.343823011528
258.471725468956
389.205037760715
518.309919072609
648.004789289878
129.343823011528
298.159851750291
294.622513709774
627.982123774456
496.225673476048
94.2735578125268
298.159851750291
492.917037602724
696.914705484468
629.499510074164
129.343823011528
258.471725468956
389.205037760715
311.597781470542
648.004789289878
129.343823011528
258.471725468956
389.205037760715
518.309919072609
648.004789289878
129.343823011528
384.36029461644
164.566865246582
480.896807352208
496.225673476048
129.343823011528
212.650493050906
358.591331282457
518.309919072609
648.004789289878
129.343823011528
258.471725468956
389.205037760715
518.309919072609
648.004789289878
129.343823011528
265.95035758655
389.205037760715
311.597781470542
648.004789289878
129.343823011528
258.471725468956
389.205037760715
518.309919072609
648.004789289878
129.343823011528
367.568950947887
389.205037760715
518.309919072609
595.540262026951
93.7019326969922
258.471725468956
389.205037760715
518.309919072609
648.004789289878
129.343823011528
258.471725468956
389.205037760715
518.309919072609
648.004789289878
158.738806496757
367.302357697895
345.884734036511
777.036932079621
648.004789289878
129.343823011528
258.471725468956
389.205037760715
518.309919072609
648.004789289878
129.343823011528
265.95035758655
389.205037760715
518.309919072609
667.459436970228
129.343823011528
212.650493050906
358.591331282457
518.309919072609
648.004789289878
129.343823011528
212.650493050906
358.591331282457
351.911769188785
828.849342978359
129.343823011528
258.471725468956
389.205037760715
518.309919072609
648.004789289878
129.343823011528
298.159851750291
389.205037760715
518.309919072609
648.004789289878
129.343823011528
258.471725468956
265.253433547835
518.309919072609
648.004789289878
129.343823011528
258.471725468956
389.205037760715
518.309919072609
648.004789289878
129.343823011528
258.471725468956
390.543583654551
518.309919072609
574.556963890615
79.0227548964041
258.471725468956
277.276562078186
518.309919072609
616.092021497217
129.343823011528
372.728740176928
389.205037760715
351.911769188785
828.849342978359
129.343823011528
258.471725468956
389.205037760715
518.309919072609
648.004789289878
93.7019326969922
258.471725468956
389.205037760715
351.911769188785
828.849342978359
129.343823011528
152.185299218148
389.205037760715
518.309919072609
648.004789289878
