0.7660658328753106 0.7660658328753102 0.7660658328753104 0.7660658328753103 -0.36805354650781796 0.056196410389711904 0.05619641038971179 0.056196410389711744 -0.05604581765114779 -0.3199684541501521 0.008557379216243968 0.008557379216243985 -0.018271588779818566 -0.10431343964211146 -0.3045160623683904 0.0027898052098267886 -0.011528168521583842 -0.0658149067249464 -0.19212956939953774 -0.4991199083728067 0.7660658328753105 0.05619641038971179 0.008557379216243825 0.0027898052098266966 0.0017601832543866383
0.647961241092382 0.6479612410923818 0.6479612410923817 0.6479612410923817 -0.3323402933169312 0.09028060397335214 0.09028060397335211 0.09028060397335208 -0.06965438136743639 -0.3751904583865053 0.01892168884031626 0.018921688840316135 -0.017173458371789376 -0.09250412669095227 -0.4245027402923711 0.004665188739656711 -0.002916449587541217 -0.01570933566746574 -0.07209036264177987 -0.49960387164073133 0.6479612410923817 0.09028060397335222 0.01892168884031617 0.004665188739656705 0.0007922567185374051
0.6666988052551271 0.6666988052551271 0.6666988052551273 0.6666988052551267 -0.3437364695677021 0.08592168988547867 0.08592168988547845 0.08592168988547824 -0.06191837312067158 -0.35541279304209616 0.01547735467283567 0.015477354672835394 -0.01782994816317936 -0.10234428582484374 -0.391799249923671 0.0044568424138337346 -0.004752815707756308 -0.027281264354539203 -0.10443943034954628 -0.49940598395358193 0.6666988052551267 0.0859216898854782 0.015477354672835477 0.004456842413833758 0.0011880320928361382
0.7681559790415123 0.7681559790415127 0.7681559790415123 0.7681559790415122 -0.3729918864571942 0.05628800731918439 0.05628800731918433 0.05628800731918417 -0.04764929669871494 -0.28577130962545655 0.007190730036534025 0.007190730036534175 -0.018515220913896 -0.11104295960597886 -0.26937471267918706 0.0027941221462394524 -0.015587166997844465 -0.09348228483810656 -0.22677496806833175 -0.4988238744569036 0.7681559790415123 0.05628800731918416 0.007190730036534176 0.0027941221462394524 0.002352251086192714
0.7030578333350346 0.7030578333350344 0.703057833335035 0.7030578333350349 -0.34904494636997585 0.07371097918566658 0.07371097918566687 0.0737109791856667 -0.07404492226714371 -0.4063288606077111 0.015636736130402385 0.015636736130402267 -0.010626893577102524 -0.058316133325182117 -0.35596951363660606 0.0022441772597384057 -0.004233859962211985 -0.023233726793735945 -0.14182179021736685 -0.49955294874371436 0.7030578333350349 0.07371097918566656 0.01563673613040224 0.002244177259738431 0.000894102512571071
0.6935468546936667 0.6935468546936671 0.6935468546936668 0.6935468546936671 -0.3307769177778236 0.07307914826642944 0.07307914826642958 0.07307914826642944 -0.07020216708696954 -0.33108866208554366 0.015509892926141858 0.015509892926141937 -0.024761092396873605 -0.11677868780462689 -0.3796996683984631 0.005470513343755667 -0.007529184672403439 -0.035509269631132906 -0.11545649430973132 -0.4991682817430304 0.6935468546936668 0.07307914826642946 0.01550989292614199 0.005470513343755475 0.0016634365139393
0.7322215658032306 0.7322215658032306 0.7322215658032305 0.7322215658032305 -0.3276936492277892 0.05991990429166364 0.05991990429166352 0.05991990429166369 -0.08759576161921044 -0.36973695127566925 0.01601718454094886 0.016017184540948706 -0.021643434368502662 -0.09135576071970875 -0.3921015568073658 0.0039575759828110535 -0.005771456449745848 -0.024361004147960864 -0.10455813160062133 -0.4994723347264933 0.7322215658032305 0.05991990429166342 0.01601718454094903 0.003957575982810972 0.0010553305470133011
0.6988993007471462 0.6988993007471465 0.6988993007471463 0.6988993007471467 -0.340909332916035 0.07343549951552944 0.07343549951552962 0.07343549951552965 -0.07233368912888884 -0.3700072513039646 0.015581446678343904 0.015581446678343937 -0.01787820674552333 -0.09145207739049366 -0.39216599429752175 0.0038511560583259674 -0.004767788298964579 -0.024388583861050132 -0.10458344427254586 -0.49948648382207095 0.6988993007471462 0.07343549951552941 0.015581446678343673 0.0038511560583257554 0.001027032355857974
0.8473192872097346 0.8473192872097349 0.8473192872097348 0.8473192872097348 -0.3351110227306584 0.030192272610057497 0.030192272610057448 0.030192272610057587 -0.11314920947098721 -0.41394997212111895 0.010194328285961302 0.010194328285961264 -0.015500388128520046 -0.056707291758079995 -0.36113634920227144 0.0013965280524781422 -0.005902272217913554 -0.021593128502440075 -0.13751430113245802 -0.4997341134732455 0.8473192872097344 0.03019227261005756 0.01019432828596129 0.001396528052478005 0.0005317730535090517
0.6429359115883512 0.6429359115883514 0.6429359115883517 0.6429359115883513 -0.2652888449190016 0.07366606676454523 0.07366606676454544 0.07366606676454542 -0.12265285646247466 -0.3910913308102591 0.03405855046707885 0.03405855046707902 -0.018135418830928465 -0.05782666046232067 -0.3487080427495963 0.005035888240269254 -0.007605018379244924 -0.0242493884329984 -0.14622938123593393 -0.49894410978373 0.6429359115883513 0.0736660667645454 0.03405855046707869 0.0050358882402690664 0.002111780432539785
0.7037017697349572 0.7037017697349573 0.7037017697349573 0.7037017697349572 -0.3503260121416223 0.0737535287515819 0.07375352875158186 0.07375352875158177 -0.06445357727826748 -0.3577932975648119 0.013569300023925422 0.013569300023925309 -0.018366886625177745 -0.10195786190811139 -0.39215655283561146 0.0038667488391911013 -0.00489805442619857 -0.027189973292489088 -0.10457973518201662 -0.4994844105412826 0.7037017697349576 0.07375352875158186 0.013569300023925375 0.003866748839191107 0.001031178917434844
0.6988993007471462 0.6988993007471465 0.6988993007471463 0.6988993007471467 -0.340909332916035 0.07343549951552944 0.07343549951552962 0.07343549951552965 -0.07233368912888884 -0.3700072513039646 0.015581446678343904 0.015581446678343937 -0.01787820674552333 -0.09145207739049366 -0.39216599429752175 0.0038511560583259674 -0.004767788298964579 -0.024388583861050132 -0.10458344427254586 -0.49948648382207095 0.6988993007471462 0.07343549951552941 0.015581446678343673 0.0038511560583257554 0.001027032355857974
0.7026178860289779 0.7026178860289781 0.702617886028978 0.7026178860289779 -0.3481730261024606 0.07368189209872138 0.07368189209872134 0.07368189209872156 -0.07386153323877118 -0.4021868396237543 0.015630899335503778 0.015630899335503826 -0.011473040873522739 -0.06247238376273229 -0.36377472679324413 0.0024279748754531846 -0.004223396732367593 -0.02299701224421151 -0.1339108793730634 -0.4995531131951719 0.702617886028978 0.07368189209872154 0.015630899335503864 0.002427974875452813 0.0008937736096561275
0.6137833063860723 0.613783306386072 0.6137833063860724 0.6137833063860723 -0.33386535723256194 0.10504063326665891 0.10504063326665904 0.10504063326665905 -0.059284501676012624 -0.3603629962245239 0.018652074748231322 0.01865207474823116 -0.015554335272010137 -0.09454759177254507 -0.3837768843819918 0.004893700983405187 -0.004537544403465388 -0.027581628427455377 -0.11195622464436321 -0.49928619947039965 0.6137833063860719 0.10504063326665863 0.018652074748231252 0.004893700983405232 0.001427601059200668
0.6988993007471462 0.6988993007471465 0.6988993007471463 0.6988993007471467 -0.340909332916035 0.07343549951552944 0.07343549951552962 0.07343549951552965 -0.07233368912888884 -0.3700072513039646 0.015581446678343904 0.015581446678343937 -0.01787820674552333 -0.09145207739049366 -0.39216599429752175 0.0038511560583259674 -0.004767788298964579 -0.024388583861050132 -0.10458344427254586 -0.49948648382207095 0.6988993007471462 0.07343549951552941 0.015581446678343673 0.0038511560583257554 0.001027032355857974
0.7601712103243348 0.7601712103243354 0.760171210324335 0.7601712103243353 -0.2977347633339491 0.0469666352559481 0.04696663525594792 0.046966635255948054 -0.12989077957984432 -0.4198328756089094 0.02048982389333811 0.02048982389333821 -0.01598756425506466 -0.051674992612235036 -0.39297081122788774 0.0025219832934201157 -0.0042677326152652404 -0.013794162002818088 -0.10489992854247376 -0.4996633899265464 0.7601712103243355 0.046966635255948304 0.02048982389333811 0.0025219832934201564 0.0006732201469071774
0.6128720707837164 0.6128720707837162 0.6128720707837161 0.6128720707837165 -0.33224673308470243 0.10493379931922785 0.10493379931922786 0.10493379931922792 -0.059001773758990524 -0.3534087002398362 0.018634585898324067 0.018634585898324032 -0.016952557531528894 -0.10154239341060063 -0.3912559329702761 0.005354142246773182 -0.004515976443186695 -0.027049786191506504 -0.10422631353792301 -0.4992868574486496 0.6128720707837166 0.10493379931922776 0.01863458589832385 0.005354142246772996 0.0014262851027008136
0.6988993007471462 0.6988993007471465 0.6988993007471463 0.6988993007471467 -0.340909332916035 0.07343549951552944 0.07343549951552962 0.07343549951552965 -0.07233368912888884 -0.3700072513039646 0.015581446678343904 0.015581446678343937 -0.01787820674552333 -0.09145207739049366 -0.39216599429752175 0.0038511560583259674 -0.004767788298964579 -0.024388583861050132 -0.10458344427254586 -0.49948648382207095 0.6988993007471462 0.07343549951552941 0.015581446678343673 0.0038511560583257554 0.001027032355857974
0.7681510979447181 0.7681510979447183 0.7681510979447184 0.7681510979447181 -0.37298024798048846 0.05628779364760259 0.05628779364760261 0.05628779364760244 -0.04764781830347431 -0.28572844003111186 0.007190704008982271 0.00719070400898208 -0.026954841126021718 -0.16163939883188871 -0.39203478430301064 0.004067852234322259 -0.007187221713488782 -0.04309942661536617 -0.10453190582768461 -0.4994576752322692 0.768151097944718 0.05628779364760239 0.007190704008981998 0.004067852234322096 0.001084649535461752
0.7022581426710144 0.7022581426710138 0.7022581426710139 0.7022581426710137 -0.3474620554849714 0.0736580976889486 0.07365809768894892 0.07365809768894875 -0.07371199473563315 -0.3988562475060567 0.015626124416682964 0.015626124416682857 -0.012062546969087606 -0.06527054703527366 -0.36649380729296677 0.002557126019952026 -0.004314821749510832 -0.023347538183435705 -0.1310963144700024 -0.4995426528495431 0.7022581426710138 0.07365809768894895 0.01562612441668307 0.002557126019951885 0.000914694300913793
0.6923512731342163 0.6923512731342162 0.6923512731342164 0.6923512731342166 -0.32856394983501863 0.07299927420017983 0.07299927420017988 0.07299927420017986 -0.06973658879474612 -0.3233776096467065 0.015493849431043875 0.015493849431043788 -0.030818969729496548 -0.14291156099177701 -0.4434228851601956 0.006847258876027742 -0.0036162788855573997 -0.016769154356965865 -0.05203096764921868 -0.4995982734349224 0.6923512731342166 0.07299927420018013 0.015493849431044059 0.006847258876027891 0.0008034531301553248
0.6988993007471462 0.6988993007471465 0.6988993007471463 0.6988993007471467 -0.340909332916035 0.07343549951552944 0.07343549951552962 0.07343549951552965 -0.07233368912888884 -0.3700072513039646 0.015581446678343904 0.015581446678343937 -0.01787820674552333 -0.09145207739049366 -0.39216599429752175 0.0038511560583259674 -0.004767788298964579 -0.024388583861050132 -0.10458344427254586 -0.49948648382207095 0.6988993007471462 0.07343549951552941 0.015581446678343673 0.0038511560583257554 0.001027032355857974
0.6856442482661431 0.6856442482661432 0.6856442482661431 0.6856442482661431 -0.3164759680537946 0.07254931481947889 0.07254931481947877 0.07254931481947902 -0.09264055889993507 -0.3934992938980586 0.021237028245827072 0.02123702824582683 -0.0166098483587793 -0.07055185847910542 -0.39219233080705324 0.0038076607367546617 -0.004429681235867227 -0.018815478438444534 -0.10459379105100121 -0.49949226738999 0.685644248266143 0.0725493148194787 0.02123702824582692 0.0038076607367545875 0.0010154652200201858
0.7253461531557442 0.7253461531557441 0.725346153155744 0.725346153155744 -0.3632629247842863 0.06877513534319185 0.06877513534319174 0.06877513534319168 -0.06654850933804247 -0.40064776955273296 0.012599366531361088 0.012599366531361096 -0.010917495331448108 -0.06572754517202418 -0.36680353450736963 0.002066966287503289 -0.003906458880200689 -0.023518393616477402 -0.1312483203485179 -0.49963020278169323 0.7253461531557444 0.06877513534319173 0.012599366531361143 0.002066966287503344 0.0007395944366134584
0.6988993007471462 0.6988993007471465 0.6988993007471463 0.6988993007471467 -0.340909332916035 0.07343549951552944 0.07343549951552962 0.07343549951552965 -0.07233368912888884 -0.3700072513039646 0.015581446678343904 0.015581446678343937 -0.01787820674552333 -0.09145207739049366 -0.39216599429752175 0.0038511560583259674 -0.004767788298964579 -0.024388583861050132 -0.10458344427254586 -0.49948648382207095 0.6988993007471462 0.07343549951552941 0.015581446678343673 0.0038511560583257554 0.001027032355857974
0.6988993007471462 0.6988993007471465 0.6988993007471463 0.6988993007471467 -0.340909332916035 0.07343549951552944 0.07343549951552962 0.07343549951552965 -0.07233368912888884 -0.3700072513039646 0.015581446678343904 0.015581446678343937 -0.01787820674552333 -0.09145207739049366 -0.39216599429752175 0.0038511560583259674 -0.004767788298964579 -0.024388583861050132 -0.10458344427254586 -0.49948648382207095 0.6988993007471462 0.07343549951552941 0.015581446678343673 0.0038511560583257554 0.001027032355857974
0.6988993007471462 0.6988993007471465 0.6988993007471463 0.6988993007471467 -0.340909332916035 0.07343549951552944 0.07343549951552962 0.07343549951552965 -0.07233368912888884 -0.3700072513039646 0.015581446678343904 0.015581446678343937 -0.01787820674552333 -0.09145207739049366 -0.39216599429752175 0.0038511560583259674 -0.004767788298964579 -0.024388583861050132 -0.10458344427254586 -0.49948648382207095 0.6988993007471462 0.07343549951552941 0.015581446678343673 0.0038511560583257554 0.001027032355857974
0.793400745841423 0.7934007458414228 0.7934007458414226 0.7934007458414231 -0.3599056256254521 0.04685919077555048 0.046859190775550286 0.04685919077555037 -0.06431000897964151 -0.31772770293956853 0.008373069952205844 0.00837306995220585 -0.0320015024964788 -0.15810546507682552 -0.45524897990796026 0.004166549239070056 -0.002960915647271511 -0.014628592689253626 -0.042121579390287045 -0.49980724653727665 0.7934007458414226 0.04685919077555029 0.008373069952205953 0.004166549239070027 0.0003855069254466692
0.7101489254322971 0.710148925432297 0.7101489254322969 0.7101489254322972 -0.36077291896794333 0.07362569631019919 0.0736256963101992 0.07362569631019929 -0.055801315038565294 -0.3407896287888476 0.011387802295394047 0.011387802295394387 -0.019049338944640497 -0.11633806735791799 -0.3921439609061253 0.003887544686170871 -0.0050799726398868175 -0.031024394120606858 -0.10457478855771496 -0.49948164551275287 0.7101489254322971 0.07362569631019927 0.01138780229539407 0.0038875446861709687 0.0010367089744938904
0.6988993007471462 0.6988993007471465 0.6988993007471463 0.6988993007471467 -0.340909332916035 0.07343549951552944 0.07343549951552962 0.07343549951552965 -0.07233368912888884 -0.3700072513039646 0.015581446678343904 0.015581446678343937 -0.01787820674552333 -0.09145207739049366 -0.39216599429752175 0.0038511560583259674 -0.004767788298964579 -0.024388583861050132 -0.10458344427254586 -0.49948648382207095 0.6988993007471462 0.07343549951552941 0.015581446678343673 0.0038511560583257554 0.001027032355857974
0.5563641182722724 0.556364118272272 0.556364118272272 0.5563641182722725 -0.3104568183724685 0.12377665977522036 0.1237766597752205 0.12377665977522066 -0.06740709263558375 -0.3881179585121866 0.0268746707362745 0.026874670736274652 -0.012346599783395184 -0.07108950876140875 -0.39151729874283303 0.004922490956332261 -0.0032900358190645854 -0.01894343659695649 -0.10432879977041938 -0.4993441444669189 0.5563641182722717 0.12377665977522037 0.026874670736274236 0.004922490956332095 0.0013117110661621445
0.6988993007471462 0.6988993007471465 0.6988993007471463 0.6988993007471467 -0.340909332916035 0.07343549951552944 0.07343549951552962 0.07343549951552965 -0.07233368912888884 -0.3700072513039646 0.015581446678343904 0.015581446678343937 -0.01787820674552333 -0.09145207739049366 -0.39216599429752175 0.0038511560583259674 -0.004767788298964579 -0.024388583861050132 -0.10458344427254586 -0.49948648382207095 0.6988993007471462 0.07343549951552941 0.015581446678343673 0.0038511560583257554 0.001027032355857974
0.6988993007471462 0.6988993007471465 0.6988993007471463 0.6988993007471467 -0.340909332916035 0.07343549951552944 0.07343549951552962 0.07343549951552965 -0.07233368912888884 -0.3700072513039646 0.015581446678343904 0.015581446678343937 -0.01787820674552333 -0.09145207739049366 -0.39216599429752175 0.0038511560583259674 -0.004767788298964579 -0.024388583861050132 -0.10458344427254586 -0.49948648382207095 0.6988993007471462 0.07343549951552941 0.015581446678343673 0.0038511560583257554 0.001027032355857974
0.7001329363755342 0.7001329363755339 0.7001329363755339 0.7001329363755342 -0.34329822890191214 0.0735173468493131 0.07351734684931312 0.07351734684931323 -0.07283618664741445 -0.3801543687111429 0.015597875975262734 0.015597875975262625 -0.015560684613945644 -0.08121597942466831 -0.3798430883178648 0.003332322021105233 -0.004800837274651946 -0.02505704029049584 -0.1171905287047025 -0.4994859501311487 0.7001329363755339 0.07351734684931302 0.01559787597526248 0.003332322021105108 0.001028099737702416
0.6988993007471462 0.6988993007471465 0.6988993007471463 0.6988993007471467 -0.340909332916035 0.07343549951552944 0.07343549951552962 0.07343549951552965 -0.07233368912888884 -0.3700072513039646 0.015581446678343904 0.015581446678343937 -0.01787820674552333 -0.09145207739049366 -0.39216599429752175 0.0038511560583259674 -0.004767788298964579 -0.024388583861050132 -0.10458344427254586 -0.49948648382207095 0.6988993007471462 0.07343549951552941 0.015581446678343673 0.0038511560583257554 0.001027032355857974
0.6315673102912369 0.6315673102912366 0.6315673102912369 0.6315673102912368 -0.2843056281690921 0.0829266220550394 0.08292662205503952 0.08292662205503958 -0.11640097941369387 -0.4333046169337337 0.033951983605948276 0.03395198360594813 -0.008584427436368038 -0.03195567649556536 -0.35580260817620624 0.002503916556837416 -0.0034195880264471343 -0.01272947433375803 -0.1417331962692692 -0.4995012851386739 0.6315673102912369 0.08292662205503949 0.03395198360594824 0.002503916556837352 0.000997429722652218
0.7001329363755342 0.7001329363755339 0.7001329363755339 0.7001329363755342 -0.34329822890191214 0.0735173468493131 0.07351734684931312 0.07351734684931323 -0.07283618664741445 -0.3801543687111429 0.015597875975262734 0.015597875975262625 -0.015560684613945644 -0.08121597942466831 -0.3798430883178648 0.003332322021105233 -0.004800837274651946 -0.02505704029049584 -0.1171905287047025 -0.4994859501311487 0.7001329363755339 0.07351734684931302 0.01559787597526248 0.003332322021105108 0.001028099737702416
0.769456915607033 0.769456915607032 0.7694569156070327 0.7694569156070323 -0.3761117916796033 0.056344917286223144 0.05634491728622318 0.05634491728622303 -0.057266071288716185 -0.35476288102887377 0.008578970724795526 0.008578970724795533 -0.015781709469180713 -0.09776757149307778 -0.35589236173414845 0.0023642415216637114 -0.006287136718720248 -0.03894876469717107 -0.14178083430951535 -0.49952906528561425 0.7694569156070323 0.05634491728622307 0.008578970724795536 0.0023642415216637495 0.0009418694287715719
0.6188279431435102 0.61882794314351 0.6188279431435102 0.6188279431435103 -0.30428896737260297 0.09371462040237453 0.09371462040237453 0.09371462040237485 -0.09261051539128165 -0.41649367631292 0.02852209651273625 0.02852209651273637 -0.011616462006732341 -0.05224226370506506 -0.4109776648307776 0.0035776266776263057 -0.0024375287952889775 -0.010962203641554284 -0.08623709109237113 -0.4996246461254531 0.6188279431435104 0.09371462040237462 0.02852209651273619 0.003577626677626066 0.0007507077490940524
0.7030578333350346 0.7030578333350344 0.703057833335035 0.7030578333350349 -0.34904494636997585 0.07371097918566658 0.07371097918566687 0.0737109791856667 -0.07404492226714371 -0.4063288606077111 0.015636736130402385 0.015636736130402267 -0.010626893577102524 -0.058316133325182117 -0.35596951363660606 0.0022441772597384057 -0.004233859962211985 -0.023233726793735945 -0.14182179021736685 -0.49955294874371436 0.7030578333350349 0.07371097918566656 0.01563673613040224 0.002244177259738431 0.000894102512571071
0.7127861122223458 0.7127861122223458 0.7127861122223457 0.7127861122223458 -0.36903631575770574 0.07435074362591503 0.07435074362591501 0.07435074362591505 -0.05491166871315764 -0.3668098495883334 0.011063202260136604 0.011063202260136637 -0.01328328121029484 -0.08873229491968286 -0.35930417706991546 0.002676218555211383 -0.005105486207369029 -0.03410463880788312 -0.1381001042768586 -0.4994856919497063 0.712786112222346 0.07435074362591512 0.011063202260136781 0.002676218555211246 0.0010286161005870645
0.6988993007471462 0.6988993007471465 0.6988993007471463 0.6988993007471467 -0.340909332916035 0.07343549951552944 0.07343549951552962 0.07343549951552965 -0.07233368912888884 -0.3700072513039646 0.015581446678343904 0.015581446678343937 -0.01787820674552333 -0.09145207739049366 -0.39216599429752175 0.0038511560583259674 -0.004767788298964579 -0.024388583861050132 -0.10458344427254586 -0.49948648382207095 0.6988993007471462 0.07343549951552941 0.015581446678343673 0.0038511560583257554 0.001027032355857974
0.7070883176389993 0.7070883176389994 0.7070883176389993 0.7070883176389993 -0.3420417315405325 0.07084547751951235 0.07084547751951237 0.07084547751951262 -0.07271217725666805 -0.36846498630571406 0.01506052754449237 0.015060527544492688 -0.018440998138673215 -0.09344875071811634 -0.39428313633779866 0.003819596261504588 -0.00479503327648013 -0.024298569197247665 -0.10252160674155013 -0.49950341377839447 0.7070883176389994 0.07084547751951242 0.015060527544492346 0.0038195962615045374 0.0009931724432107316
0.8108952154502237 0.8108952154502237 0.8108952154502241 0.8108952154502238 -0.36719997316184083 0.04281642713411476 0.04281642713411485 0.042816427134114786 -0.07844884371052928 -0.40087709606247074 0.009147329645928605 0.009147329645928712 -0.014076254590199493 -0.07193028981251605 -0.3909826680016622 0.0016413261792830487 -0.0038744324024603412 -0.01979852266681829 -0.10761640520204183 -0.499774115788711 0.8108952154502234 0.042816427134114717 0.009147329645928398 0.0016413261792828716 0.00045176842257797144
0.6580781005093729 0.6580781005093731 0.6580781005093727 0.6580781005093728 -0.32197389849771996 0.08364503155136872 0.08364503155136907 0.08364503155136888 -0.06780790697098663 -0.3222023159570182 0.017615696627844984 0.017615696627844853 -0.029931717356976667 -0.1422263137706814 -0.44386254352821375 0.007775908091905935 -0.0034391154598517604 -0.01634161878026858 -0.05099922992360948 -0.4995532791283855 0.6580781005093725 0.08364503155136882 0.017615696627845217 0.007775908091906028 0.0008934417432290276
0.6284681590582025 0.6284681590582019 0.6284681590582022 0.6284681590582023 -0.27963534333745 0.08265608400769643 0.08265608400769657 0.08265608400769672 -0.1145057561038266 -0.41470494576329714 0.03384621301056832 0.03384621301056828 -0.014546435084870473 -0.052682753934663804 -0.42651371594390486 0.004299711710392217 -0.002400066939098148 -0.008692310881773637 -0.07037198205171129 -0.4996452878020093 0.6284681590582026 0.08265608400769672 0.03384621301056821 0.004299711710392161 0.000709424395981333
0.7869229298568676 0.786922929856868 0.7869229298568681 0.7869229298568676 -0.34068169135685716 0.04612361254928053 0.0461236125492808 0.0461236125492806 -0.08823107572981408 -0.3726119493231852 0.01194527341801144 0.01194527341801109 -0.016053808779090805 -0.06779743909681703 -0.2894152352791065 0.002173464776219558 -0.011527143073856128 -0.04868070818981868 -0.20780930374361875 -0.4992196917321545 0.7869229298568676 0.04612361254928067 0.01194527341801132 0.0021734647762195543 0.0015606165356909253
0.6988993007471462 0.6988993007471465 0.6988993007471463 0.6988993007471467 -0.340909332916035 0.07343549951552944 0.07343549951552962 0.07343549951552965 -0.07233368912888884 -0.3700072513039646 0.015581446678343904 0.015581446678343937 -0.01787820674552333 -0.09145207739049366 -0.39216599429752175 0.0038511560583259674 -0.004767788298964579 -0.024388583861050132 -0.10458344427254586 -0.49948648382207095 0.6988993007471462 0.07343549951552941 0.015581446678343673 0.0038511560583257554 0.001027032355857974
0.6988993007471462 0.6988993007471465 0.6988993007471463 0.6988993007471467 -0.340909332916035 0.07343549951552944 0.07343549951552962 0.07343549951552965 -0.07233368912888884 -0.3700072513039646 0.015581446678343904 0.015581446678343937 -0.01787820674552333 -0.09145207739049366 -0.39216599429752175 0.0038511560583259674 -0.004767788298964579 -0.024388583861050132 -0.10458344427254586 -0.49948648382207095 0.6988993007471462 0.07343549951552941 0.015581446678343673 0.0038511560583257554 0.001027032355857974
0.6184210422325374 0.6184210422325377 0.6184210422325377 0.6184210422325374 -0.30362964370934803 0.09367297931491952 0.09367297931491975 0.09367297931491946 -0.09241229745765137 -0.4136961498444562 0.028510178131623227 0.028510178131623144 -0.011591716310241916 -0.05189188603209237 -0.3923325001774935 0.0035761679554355886 -0.0030919182456777576 -0.013841390259308962 -0.1046488702108201 -0.49952305514321255 0.6184210422325376 0.09367297931491957 0.02851017813162315 0.003576167955435731 0.000953889713574976
0.7642638657865022 0.7642638657865021 0.7642638657865015 0.764263865786502 -0.3055076892459452 0.04711671247287291 0.0471167124728726 0.047116712472872795 -0.13327105318975035 -0.4506002766941023 0.020553636177200418 0.02055363617720048 -0.00806084675792558 -0.027254378896056815 -0.37044810677447554 0.0012431785265977803 -0.0027938353616230667 -0.009446184725446397 -0.12839482642878533 -0.4997845613350108 0.7642638657865019 0.047116712472872795 0.020553636177200508 0.001243178526597771 0.0004308773299781516
0.7001329363755342 0.7001329363755339 0.7001329363755339 0.7001329363755342 -0.34329822890191214 0.0735173468493131 0.07351734684931312 0.07351734684931323 -0.07283618664741445 -0.3801543687111429 0.015597875975262734 0.015597875975262625 -0.015560684613945644 -0.08121597942466831 -0.3798430883178648 0.003332322021105233 -0.004800837274651946 -0.02505704029049584 -0.1171905287047025 -0.4994859501311487 0.7001329363755339 0.07351734684931302 0.01559787597526248 0.003332322021105108 0.001028099737702416
0.6689790472914026 0.6689790472914021 0.6689790472914026 0.6689790472914026 -0.3425996232820978 0.08476173817073712 0.08476173817073761 0.08476173817073739 -0.07324579685222289 -0.41272629541059774 0.018121564161158094 0.01812156416115814 -0.0082657802141519 -0.04657611758048139 -0.3144130797654984 0.0020450165460687616 -0.004816655699627232 -0.027140949359678486 -0.18321556023192453 -0.4994041614737355 0.6689790472914025 0.08476173817073736 0.01812156416115804 0.002045016546068655 0.0011916770525291689
0.8017058939441314 0.8017058939441317 0.8017058939441315 0.8017058939441319 -0.339027642767203 0.04192758457843887 0.04192758457843889 0.04192758457843885 -0.08830809983543356 -0.3583049515477862 0.010921072083062514 0.01092107208306253 -0.025510607121449834 -0.10350779674389612 -0.3925875791266327 0.0031548994913857703 -0.006806670839797257 -0.027617668934109003 -0.10474915058610859 -0.4995791091472603 0.8017058939441314 0.04192758457843886 0.010921072083062443 0.0031548994913856952 0.0008417817054792576
0.7606719612756939 0.7606719612756939 0.7606719612756938 0.7606719612756938 -0.29867120714406914 0.04698503288417153 0.046985032884171336 0.046985032884171336 -0.13029802498580054 -0.42339607033565746 0.02049764705222261 0.020497647052222793 -0.016037582110352784 -0.052113216942074256 -0.4176109675409594 0.0025229292439763865 -0.0030905545191905106 -0.010042582293369753 -0.08047656149889129 -0.4997569069226607 0.7606719612756936 0.04698503288417134 0.020497647052222668 0.0025229292439764243 0.0004861861546782347
0.710513691064172 0.7105136910641723 0.7105136910641721 0.7105136910641722 -0.3642414408163497 0.07420188491052554 0.07420188491052532 0.07420188491052537 -0.05420459636077454 -0.3441679180709698 0.011042354795679724 0.011042354795679719 -0.0190888916390054 -0.12120345016410991 -0.41681754969617635 0.0038887166086659626 -0.003674521962099247 -0.023331094750423366 -0.080235420133943 -0.49962572016088863 0.7105136910641723 0.07420188491052558 0.011042354795679714 0.0038887166086660624 0.0007485596782227384
0.7031917916252789 0.7031917916252788 0.7031917916252788 0.7031917916252789 -0.34931096980320875 0.07371983315767706 0.07371983315767693 0.07371983315767677 -0.0741008739344159 -0.40760540199208817 0.015638512773763526 0.01563851277376348 -0.010012075135186867 -0.0550732493906182 -0.3412527060648472 0.0021129840524158876 -0.004592800962521054 -0.025263541213493803 -0.15654154965031394 -0.4995153594505289 0.703191791625279 0.0737198331576768 0.01563851277376337 0.0021129840524160095 0.0009692810989423296
0.6988993007471462 0.6988993007471465 0.6988993007471463 0.6988993007471467 -0.340909332916035 0.07343549951552944 0.07343549951552962 0.07343549951552965 -0.07233368912888884 -0.3700072513039646 0.015581446678343904 0.015581446678343937 -0.01787820674552333 -0.09145207739049366 -0.39216599429752175 0.0038511560583259674 -0.004767788298964579 -0.024388583861050132 -0.10458344427254586 -0.49948648382207095 0.6988993007471462 0.07343549951552941 0.015581446678343673 0.0038511560583257554 0.001027032355857974
0.6995771704459646 0.6995771704459643 0.6995771704459643 0.6995771704459643 -0.34221947245858864 0.07348048691966215 0.07348048691966197 0.07348048691966208 -0.07260927542699037 -0.3755219288419956 0.015590477289116663 0.015590477289116726 -0.017946201326447572 -0.09281447993887151 -0.4168380878443446 0.0038533622951137554 -0.0034546576894176626 -0.017866859452734033 -0.08024165555812364 -0.49962911238315083 0.6995771704459646 0.07348048691966243 0.015590477289116755 0.0038533622951136383 0.0007417752336984214
0.6429001021821232 0.6429001021821236 0.6429001021821235 0.6429001021821238 -0.3397480738915399 0.09435680758075243 0.094356807580752 0.0943568075807522 -0.06220999000635737 -0.3673727585174376 0.01727731960153594 0.017277319601536004 -0.015119564615453739 -0.08928656249252234 -0.379307339427484 0.004199093265737114 -0.004661956505084025 -0.027530559339198537 -0.11695537295185357 -0.4993526271865776 0.6429001021821232 0.09435680758075231 0.01727731960153603 0.004199093265737045 0.001294745626844865
0.7622762910461895 0.7622762910461892 0.7622762910461895 0.7622762910461895 -0.3016986181417155 0.04704391001880329 0.04704391001880332 0.047043910018803106 -0.13161458807465212 -0.4351785554959896 0.020522682127889384 0.02052268212788913 -0.01018599689861676 -0.03367960559290317 -0.32824704655982057 0.001588303998546277 -0.005275524803297404 -0.017443319140885226 -0.1700054941083532 -0.499588693319716 0.7622762910461891 0.04704391001880321 0.020522682127889002 0.0015883039985461435 0.0008226133605679448
0.623990156390784 0.6239901563907837 0.6239901563907841 0.6239901563907843 -0.3274893206545484 0.09867079390743377 0.09867079390743391 0.09867079390743376 -0.06530083707486865 -0.3592983391876415 0.01967479557537694 0.01967479557537696 -0.017029647618303844 -0.09370054627618489 -0.3799091583318775 0.005130942429216792 -0.005179476831920862 -0.028498523249194878 -0.11554735176666525 -0.49921972556233396 0.6239901563907844 0.09867079390743377 0.0196747955753766 0.005130942429216792 0.0015605488753322589
0.788666206990489 0.7886662069904892 0.7886662069904892 0.7886662069904891 -0.3991440769378644 0.05347803100277661 0.05347803100277651 0.05347803100277669 -0.04533639908762496 -0.3592944099237753 0.006074251118950445 0.006074251118950455 -0.011653810317362862 -0.09235733286288932 -0.3416152956293387 0.0015613981653785013 -0.00534750104645231 -0.04237935239052496 -0.15675458078636587 -0.4996417661650606 0.788666206990489 0.053478031002776524 0.006074251118950363 0.0015613981653784666 0.0007164676698787338
0.6275768939887822 0.6275768939887822 0.6275768939887821 0.6275768939887824 -0.2783077459233036 0.08257811604962483 0.08257811604962469 0.08257811604962496 -0.11396697491019155 -0.40959747398858254 0.03381572456323936 0.03381572456323958 -0.014478362822404998 -0.052035257092859215 -0.39189667113464105 0.004295949152944649 -0.0038598584140304678 -0.01387233676761396 -0.10447767348174887 -0.49942736082498973 0.6275768939887822 0.08257811604962481 0.033815724563239564 0.0042959491529444855 0.0011452783500204044
0.6466602855781785 0.6466602855781786 0.6466602855781787 0.6466602855781788 -0.32992044615605803 0.09013542259091463 0.0901354225909143 0.09013542259091452 -0.07596477808382773 -0.40095178628478595 0.020753843705012653 0.02075384370501281 -0.010974920525500758 -0.057927030132006944 -0.3476779830671812 0.002998386765638153 -0.004712164647666441 -0.02487140593848628 -0.14927815620846185 -0.49935631004870407 0.6466602855781785 0.09013542259091481 0.02075384370501273 0.002998386765638019 0.0012873799025917168
0.6988993007471462 0.6988993007471465 0.6988993007471463 0.6988993007471467 -0.340909332916035 0.07343549951552944 0.07343549951552962 0.07343549951552965 -0.07233368912888884 -0.3700072513039646 0.015581446678343904 0.015581446678343937 -0.01787820674552333 -0.09145207739049366 -0.39216599429752175 0.0038511560583259674 -0.004767788298964579 -0.024388583861050132 -0.10458344427254586 -0.49948648382207095 0.6988993007471462 0.07343549951552941 0.015581446678343673 0.0038511560583257554 0.001027032355857974
0.5605221890802188 0.5605221890802187 0.5605221890802188 0.5605221890802187 -0.3174366673841775 0.1244432195597732 0.12444321955977329 0.12444321955977355 -0.0688905834748068 -0.4210140882188282 0.027006854865260044 0.027006854865260093 -0.006909655527605122 -0.042227285285291974 -0.3496726981114998 0.002708760103203656 -0.0029165682918463258 -0.017824153580709035 -0.14759698218845968 -0.4994283156522305 0.5605221890802192 0.12444321955977342 0.0270068548652601 0.0027087601032036207 0.0011433686955390446
0.6988993007471462 0.6988993007471465 0.6988993007471463 0.6988993007471467 -0.340909332916035 0.07343549951552944 0.07343549951552962 0.07343549951552965 -0.07233368912888884 -0.3700072513039646 0.015581446678343904 0.015581446678343937 -0.01787820674552333 -0.09145207739049366 -0.39216599429752175 0.0038511560583259674 -0.004767788298964579 -0.024388583861050132 -0.10458344427254586 -0.49948648382207095 0.6988993007471462 0.07343549951552941 0.015581446678343673 0.0038511560583257554 0.001027032355857974
0.69941904122965 0.6994190412296497 0.6994190412296502 0.6994190412296497 -0.34191329989559294 0.0734699954109534 0.07346999541095346 0.07346999541095323 -0.07254487286017285 -0.3742223661924658 0.015588371314460605 0.01558837131446053 -0.01793031149709086 -0.09249342276665647 -0.41081613135231876 0.003852847794485876 -0.0037615740324642628 -0.019404060956176833 -0.08618452011070776 -0.4995958583257986 0.6994190412296496 0.07346999541095323 0.015588371314460803 0.003852847794486054 0.0008082833484028952
0.6675520686586166 0.6675520686586164 0.6675520686586163 0.6675520686586166 -0.3453473651378453 0.08599330488554548 0.08599330488554562 0.0859933048855456 -0.06220518562650227 -0.36234890751693344 0.01548941741862322 0.015489417418623344 -0.016358090930581607 -0.09528685298599249 -0.38428000287178415 0.004073250421868708 -0.004774778891483178 -0.027813371144844733 -0.11216785955756312 -0.4994055275087845 0.6675520686586165 0.08599330488554545 0.015489417418623046 0.004073250421868647 0.0011889449824307942
0.598769765784717 0.5987697657847173 0.5987697657847172 0.598769765784717 -0.3536013919769822 0.11847255608826526 0.11847255608826511 0.11847255608826492 -0.04227902696077694 -0.3479838247429816 0.014165397836708822 0.014165397836708614 -0.013961092245462919 -0.11490884787090357 -0.4137227633619869 0.004677601167960511 -0.0027904055906794647 -0.022966848573161665 -0.08269083045789338 -0.4995325435782331 0.5987697657847174 0.11847255608826528 0.014165397836708827 0.0046776011679607165 0.0009349128435340324
0.6935468546936667 0.6935468546936671 0.6935468546936668 0.6935468546936671 -0.3307769177778236 0.07307914826642944 0.07307914826642958 0.07307914826642944 -0.07020216708696954 -0.33108866208554366 0.015509892926141858 0.015509892926141937 -0.024761092396873605 -0.11677868780462689 -0.3796996683984631 0.005470513343755667 -0.007529184672403439 -0.035509269631132906 -0.11545649430973132 -0.4991682817430304 0.6935468546936668 0.07307914826642946 0.01550989292614199 0.005470513343755475 0.0016634365139393
0.6488354609901389 0.648835460990139 0.6488354609901389 0.6488354609901387 -0.3063679617785025 0.0829066616528332 0.08290666165283304 0.08290666165283293 -0.08693669364395272 -0.3695014989095776 0.023526059981317682 0.023526059981317755 -0.020537824003524583 -0.08729060694121982 -0.39462901465358335 0.005557769212750443 -0.005243416771067668 -0.022285760765780864 -0.10075090688426279 -0.4992905358353724 0.6488354609901387 0.08290666165283302 0.023526059981317925 0.005557769212750402 0.0014189283292551907
0.6882319773890496 0.68823197738905 0.6882319773890501 0.6882319773890498 -0.3210752610959268 0.0727232986477361 0.0727232986477362 0.07272329864773604 -0.08883460525249709 -0.3897999429881957 0.02012096947606617 0.020120969476066265 -0.016848646881930024 -0.07393066671864244 -0.392187156931572 0.003816205505284299 -0.004493338376880939 -0.019716449891980663 -0.10459175834768804 -0.4994911311640892 0.6882319773890497 0.07272329864773605 0.020120969476066203 0.003816205505284187 0.0010177376718214168
0.6750093940015212 0.6750093940015208 0.6750093940015209 0.675009394001521 -0.3500920503547652 0.0842778105098406 0.08427781050984086 0.08427781050984084 -0.06338468146170179 -0.38036142433369136 0.015258621748316615 0.015258621748316511 -0.013545028009258768 -0.08128156563119004 -0.3798873574152526 0.003260700443663291 -0.004179166077261224 -0.025078513057364447 -0.1172099722647361 -0.49949697377248115 0.6750093940015208 0.08427781050984078 0.015258621748316294 0.003260700443663273 0.001006052455037644
0.6665231420971272 0.6665231420971268 0.6665231420971269 0.6665231420971269 -0.3421031081958 0.08558102666997666 0.08558102666997683 0.08558102666997687 -0.07309624042388456 -0.41263152318575413 0.018285865142187312 0.01828586514218728 -0.008247722000246576 -0.04655875694890516 -0.3144005961030319 0.002063262506418439 -0.0048060962558142805 -0.027130626788925954 -0.18320689369881962 -0.499398849875968 0.666523142097127 0.08558102666997694 0.018285865142187403 0.0020632625064187543 0.0012023002480641399
0.6988993007471462 0.6988993007471465 0.6988993007471463 0.6988993007471467 -0.340909332916035 0.07343549951552944 0.07343549951552962 0.07343549951552965 -0.07233368912888884 -0.3700072513039646 0.015581446678343904 0.015581446678343937 -0.01787820674552333 -0.09145207739049366 -0.39216599429752175 0.0038511560583259674 -0.004767788298964579 -0.024388583861050132 -0.10458344427254586 -0.49948648382207095 0.6988993007471462 0.07343549951552941 0.015581446678343673 0.0038511560583257554 0.001027032355857974
0.6665188510350216 0.6665188510350217 0.6665188510350215 0.6665188510350215 -0.38854655249680436 0.09720126486430586 0.09720126486430565 0.09720126486430584 -0.02249657580956121 -0.23985192932587854 0.005627885795803554 0.005627885795803412 -0.014793368283187476 -0.15772257760413286 -0.31170985430940146 0.0037008026438251334 -0.008731171215006233 -0.09308920072643981 -0.1839737952358755 -0.49890787747260684 0.6665188510350221 0.0972012648643058 0.0056278857958032115 0.0037008026438251343 0.002184245054786388
0.7643363671899711 0.7643363671899712 0.7643363671899712 0.7643363671899712 -0.30564787611222494 0.04711936520179622 0.047119365201796125 0.04711936520179606 -0.133332016216559 -0.45118106461695967 0.020554764015088604 0.02055476401508845 -0.008064525709165717 -0.027289479288923314 -0.37652056548650353 0.0012432454525870904 -0.0026205778950346825 -0.008867751033427306 -0.12235083705150837 -0.49979800290378845 0.7643363671899714 0.047119365201795986 0.020554764015088694 0.0012432454525872056 0.00040399419242346174
0.6995771704459646 0.6995771704459643 0.6995771704459643 0.6995771704459643 -0.34221947245858864 0.07348048691966215 0.07348048691966197 0.07348048691966208 -0.07260927542699037 -0.3755219288419956 0.015590477289116663 0.015590477289116726 -0.017946201326447572 -0.09281447993887151 -0.4168380878443446 0.0038533622951137554 -0.0034546576894176626 -0.017866859452734033 -0.08024165555812364 -0.49962911238315083 0.6995771704459646 0.07348048691966243 0.015590477289116755 0.0038533622951136383 0.0007417752336984214
0.7090581504630289 0.7090581504630284 0.709058150463029 0.7090581504630288 -0.36121109636152143 0.07410635106589715 0.0741063510658974 0.07410635106589726 -0.05531132400313119 -0.34053897242125947 0.01134771449654814 0.011347714496548022 -0.01893167507068165 -0.11655792536114516 -0.39214608465666356 0.0038840372657022756 -0.005048607622116147 -0.031083104278904004 -0.10457562284314856 -0.49948211185563357 0.7090581504630284 0.07410635106589726 0.011347714496547825 0.003884037265702474 0.0010357762887328035
0.8142185231448057 0.8142185231448057 0.8142185231448059 0.8142185231448056 -0.3619428097221535 0.041292520260768774 0.041292520260768704 0.041292520260768614 -0.07865198724524138 -0.379590916077729 0.00897307168325029 0.00897307168325017 -0.01953555467569508 -0.09428266665801603 -0.4177818755874295 0.002228728588007486 -0.0037655304442343867 -0.01817323631491569 -0.08052857457541518 -0.49978520330010084 0.8142185231448057 0.04129252026076869 0.008973071683250103 0.002228728588007405 0.0004295933997983056
0.6897545167827925 0.6897545167827926 0.6897545167827924 0.6897545167827928 -0.3238189156370163 0.07282544261200874 0.0728254426120089 0.07282544261200882 -0.06873824370104482 -0.3076788169636458 0.015458927135412049 0.015458927135412073 -0.03170624803631597 -0.14192013587948774 -0.4028414658145782 0.007130595018726931 -0.007198662293407237 -0.03222188666602063 -0.09146208869806392 -0.49919052633676375 0.6897545167827926 0.07282544261200895 0.015458927135411991 0.0071305950187269505 0.0016189473264726045
0.7027510695345867 0.7027510695345863 0.7027510695345863 0.7027510695345864 -0.34843669520968545 0.0736906989373745 0.07369069893737439 0.07369069893737445 -0.07391699040401124 -0.4034326555885174 0.015632666596555767 0.015632666596555815 -0.01057009750583141 -0.05769069443032553 -0.3406505705711077 0.0022354645298540555 -0.004871920187035583 -0.026590526591087744 -0.15701107682071605 -0.49948482004236994 0.7027510695345864 0.07369069893737429 0.015632666596555825 0.0022354645298542303 0.0010303599152599301
0.7026178860289779 0.7026178860289781 0.702617886028978 0.7026178860289779 -0.3481730261024606 0.07368189209872138 0.07368189209872134 0.07368189209872156 -0.07386153323877118 -0.4021868396237543 0.015630899335503778 0.015630899335503826 -0.011473040873522739 -0.06247238376273229 -0.36377472679324413 0.0024279748754531846 -0.004223396732367593 -0.02299701224421151 -0.1339108793730634 -0.4995531131951719 0.702617886028978 0.07368189209872154 0.015630899335503864 0.002427974875452813 0.0008937736096561275
0.621585561776495 0.6215855617764949 0.6215855617764954 0.6215855617764952 -0.36576203962395026 0.11133594894981512 0.11133594894981573 0.11133594894981537 -0.039792441642046386 -0.354973749634292 0.012112599918248564 0.012112599918248439 -0.011785671476537496 -0.10513564444268461 -0.39232564257238667 0.003587493440271195 -0.003143626893532966 -0.028043140350289365 -0.10464617510070655 -0.4995215486499152 0.6215855617764948 0.11133594894981558 0.01211259991824835 0.00358749344027094 0.0009569027001693689
0.740093608221758 0.7400936082217583 0.7400936082217583 0.7400936082217584 -0.36322748856836257 0.06377919286136369 0.06377919286136349 0.06377919286136344 -0.06625037533662793 -0.3833343015438965 0.011632917658260248 0.011632917658260314 -0.013168573714079666 -0.07619528163224139 -0.35592575630178414 0.0023122726915017254 -0.005246276141007979 -0.030355716326149963 -0.14179856101346225 -0.49953940262186636 0.7400936082217585 0.0637791928613633 0.011632917658260487 0.0023122726915017038 0.000921194756267228
0.7881456284220689 0.7881456284220686 0.7881456284220684 0.7881456284220688 -0.3434922677605852 0.0461655409254687 0.04616554092546882 0.04616554092546888 -0.08895632780991662 -0.38366272419250735 0.011955777109226053 0.011955777109225985 -0.016185632313886658 -0.06980755545117978 -0.3278533170179068 0.0021753574712550993 -0.00838048404944309 -0.03614447020937768 -0.1697536086661393 -0.4994368292743791 0.7881456284220689 0.046165540925469074 0.0119557771092261 0.0021753574712550182 0.001126341451241878
0.7005966546801606 0.7005966546801607 0.7005966546801607 0.7005966546801607 -0.3442015155289589 0.07354808542482649 0.07354808542482677 0.07354808542482667 -0.07302618593290418 -0.38409879698065136 0.015604045650375964 0.015604045650376036 -0.011343538257891967 -0.05966406902810858 -0.28923769570245816 0.0024238577785722065 -0.008144445906709463 -0.04283767301930909 -0.2076671945978586 -0.49912985798106685 0.700596654680161 0.07354808542482684 0.015604045650376158 0.002423857778572184 0.0017402840378665696
0.6856442482661431 0.6856442482661432 0.6856442482661431 0.6856442482661431 -0.3164759680537946 0.07254931481947889 0.07254931481947877 0.07254931481947902 -0.09264055889993507 -0.3934992938980586 0.021237028245827072 0.02123702824582683 -0.0166098483587793 -0.07055185847910542 -0.39219233080705324 0.0038076607367546617 -0.004429681235867227 -0.018815478438444534 -0.10459379105100121 -0.49949226738999 0.685644248266143 0.0725493148194787 0.02123702824582692 0.0038076607367545875 0.0010154652200201858
0.7144909408144186 0.7144909408144187 0.7144909408144189 0.7144909408144186 -0.36998504620621486 0.07392261848321133 0.07392261848321158 0.07392261848321137 -0.05703494768753528 -0.3834790119912571 0.011395521849728087 0.011395521849728096 -0.011338956990214111 -0.07623838014966591 -0.3559558044758869 0.0022655115393983563 -0.00451749524927522 -0.03037373899872543 -0.14181451231003472 -0.4995487046284221 0.7144909408144189 0.07392261848321167 0.0113955218497281 0.0022655115393988953 0.0009025907431560796
0.5782682025951063 0.5782682025951065 0.5782682025951064 0.5782682025951067 -0.3265602776024987 0.11908043034035955 0.11908043034035948 0.11908043034035944 -0.05997356968590004 -0.38019058739949957 0.021869403528427953 0.021869403528428123 -0.01233007957583408 -0.0781641016396088 -0.3834176230606825 0.004496172017003341 -0.003622698611779364 -0.022965381590543614 -0.11265186751235927 -0.4993394902269632 0.578268202595107 0.1190804303403592 0.021869403528427932 0.004496172017003404 0.0013210195460736478
0.7045505598611238 0.704550559861124 0.7045505598611235 0.7045505598611238 -0.3520235083970364 0.07380957052402902 0.07380957052402883 0.07380957052402894 -0.07467137981957683 -0.42097565661538294 0.015656518225207024 0.015656518225207233 -0.009063228870317989 -0.051095864760453816 -0.37611140928658093 0.0019003078332047176 -0.0029438036583467396 -0.016596314156959013 -0.1221637628759305 -0.49969138299212024 0.7045505598611237 0.07380957052402894 0.015656518225207056 0.001900307833204718 0.0006172340157593692
0.6072122883051455 0.6072122883051457 0.6072122883051457 0.6072122883051457 -0.3199053977497086 0.10346868102065986 0.10346868102065993 0.10346868102065987 -0.06641321484381295 -0.35631498744768375 0.02148037448123155 0.02148037448123142 -0.017327162426498344 -0.09296233704423487 -0.37306339499977437 0.0056042150420457315 -0.005658858634516319 -0.03036046588119203 -0.12183835772139509 -0.4990848628327086 0.6072122883051455 0.10346868102065995 0.02148037448123137 0.005604215042045682 0.001830274334582823
0.7001329363755342 0.7001329363755339 0.7001329363755339 0.7001329363755342 -0.34329822890191214 0.0735173468493131 0.07351734684931312 0.07351734684931323 -0.07283618664741445 -0.3801543687111429 0.015597875975262734 0.015597875975262625 -0.015560684613945644 -0.08121597942466831 -0.3798430883178648 0.003332322021105233 -0.004800837274651946 -0.02505704029049584 -0.1171905287047025 -0.4994859501311487 0.7001329363755339 0.07351734684931302 0.01559787597526248 0.003332322021105108 0.001028099737702416
0.6216747755644532 0.6216747755644527 0.6216747755644534 0.621674775564453 -0.30894489772294337 0.09400546102512074 0.09400546102512125 0.09400546102512089 -0.09401015969784453 -0.43699619938959094 0.028605322400780973 0.0286053224007806 -0.006847836242414353 -0.031831436321301504 -0.3560726645812527 0.0020836531295299423 -0.0027285088825636725 -0.012683182493396582 -0.14187655687945624 -0.4995848859500399 0.6216747755644529 0.09400546102512043 0.028605322400780894 0.0020836531295297354 0.0008302280999201038
0.6988993007471462 0.6988993007471465 0.6988993007471463 0.6988993007471467 -0.340909332916035 0.07343549951552944 0.07343549951552962 0.07343549951552965 -0.07233368912888884 -0.3700072513039646 0.015581446678343904 0.015581446678343937 -0.01787820674552333 -0.09145207739049366 -0.39216599429752175 0.0038511560583259674 -0.004767788298964579 -0.024388583861050132 -0.10458344427254586 -0.49948648382207095 0.6988993007471462 0.07343549951552941 0.015581446678343673 0.0038511560583257554 0.001027032355857974
0.8054117496287913 0.8054117496287908 0.8054117496287906 0.8054117496287908 -0.34800728064559766 0.04203944621398946 0.04203944621398938 0.042039446213989404 -0.09063987127856805 -0.393179634653788 0.010949339871250317 0.010949339871250496 -0.016460243781078167 -0.07140160886003971 -0.3640537146692997 0.001988405333992066 -0.006060939581579876 -0.026291277522012307 -0.13405072235909712 -0.4996339177975337 0.8054117496287909 0.04203944621398934 0.01094933987125043 0.001988405333992126 0.0007321644049325168
0.6995771704459646 0.6995771704459643 0.6995771704459643 0.6995771704459643 -0.34221947245858864 0.07348048691966215 0.07348048691966197 0.07348048691966208 -0.07260927542699037 -0.3755219288419956 0.015590477289116663 0.015590477289116726 -0.017946201326447572 -0.09281447993887151 -0.4168380878443446 0.0038533622951137554 -0.0034546576894176626 -0.017866859452734033 -0.08024165555812364 -0.49962911238315083 0.6995771704459646 0.07348048691966243 0.015590477289116755 0.0038533622951136383 0.0007417752336984214
0.6666988052551271 0.6666988052551271 0.6666988052551273 0.6666988052551267 -0.3437364695677021 0.08592168988547867 0.08592168988547845 0.08592168988547824 -0.06191837312067158 -0.35541279304209616 0.01547735467283567 0.015477354672835394 -0.01782994816317936 -0.10234428582484374 -0.391799249923671 0.0044568424138337346 -0.004752815707756308 -0.027281264354539203 -0.10443943034954628 -0.49940598395358193 0.6666988052551267 0.0859216898854782 0.015477354672835477 0.004456842413833758 0.0011880320928361382
