334.877429673644
910.038862664667
1902.22728092101
1933.82578613541
1020.62439345896
424.088875791892
671.245661382786
997.693900269293
1329.98666824211
2600.4703291056
398.322185320557
671.245661382786
1161.55036988148
1329.98666824211
1657.71362405378
334.877429673644
910.038862664667
2264.17997605076
1933.82578613541
765.361112784768
334.877429673644
671.245661382786
997.693900269293
2286.65240918504
1910.57164888367
334.877429673644
671.245661382786
997.693900269293
933.559409317548
1019.51833220634
334.877429673644
834.652376729306
997.693900269293
1329.98666824211
1657.71362405378
334.877429673644
671.245661382786
997.693900269293
1329.98666824211
1657.71362405378
179.324100904617
935.502642885571
905.62330735531
2184.42150258136
1910.57164888367
503.282670138147
956.84045381559
664.408986876732
1455.79679987759
1153.82893350745
334.877429673644
671.245661382786
1147.98031108848
1329.98666824211
1657.71362405378
334.877429673644
671.245661382786
997.693900269293
1329.98666824211
1657.71362405378
334.877429673644
671.245661382786
997.693900269293
2113.16355964248
1910.57164888367
503.282670138147
671.245661382786
1161.55036988148
1455.79679987759
1657.71362405378
334.877429673644
671.245661382786
997.693900269293
1329.98666824211
1657.71362405378
209.171662456058
671.245661382786
499.904787248894
1329.98666824211
1657.71362405378
503.282670138147
671.245661382786
1161.55036988148
1329.98666824211
1657.71362405378
334.877429673644
671.245661382786
997.693900269293
1329.98666824211
1657.71362405378
334.877429673644
910.038862664667
2264.17997605076
1329.98666824211
1657.71362405378
334.877429673644
671.245661382786
997.693900269293
2006.09027947121
1866.35095767558
334.877429673644
671.245661382786
997.693900269293
746.113572926627
2106.80863421321
334.877429673644
671.245661382786
997.693900269293
1329.98666824211
1657.71362405378
334.877429673644
671.245661382786
727.79503884897
1329.98666824211
1657.71362405378
265.755225751196
578.741357321252
997.693900269293
2006.09027947121
1866.35095767558
334.877429673644
671.245661382786
997.693900269293
1329.98666824211
1657.71362405378
334.877429673644
671.245661382786
997.693900269293
1329.98666824211
1657.71362405378
334.877429673644
671.245661382786
997.693900269293
1329.98666824211
1657.71362405378
168.534201954583
555.233342777815
997.693900269293
665.531743525146
2388.65537054433
334.877429673644
675.932934227949
1372.26081883397
1329.98666824211
1657.71362405378
334.877429673644
671.245661382786
997.693900269293
1329.98666824211
1657.71362405378
492.057107135436
532.333021371277
746.784323309453
1329.98666824211
1657.71362405378
334.877429673644
671.245661382786
997.693900269293
1329.98666824211
1657.71362405378
334.877429673644
671.245661382786
997.693900269293
1329.98666824211
1657.71362405378
334.877429673644
671.245661382786
997.693900269293
1537.86276268782
1657.71362405378
334.877429673644
671.245661382786
997.693900269293
1329.98666824211
1657.71362405378
398.366714218149
671.245661382786
521.783570143984
2286.65240918504
1910.57164888367
334.877429673644
671.245661382786
997.693900269293
1537.86276268782
1657.71362405378
334.877429673644
910.038862664667
1902.22728092101
2286.65240918504
1910.57164888367
334.877429673644
498.001342919568
512.914259695729
1329.98666824211
2106.80863421321
334.877429673644
671.245661382786
997.693900269293
2286.65240918504
1910.57164888367
334.877429673644
671.245661382786
1415.13188645888
1933.82578613541
1674.36497243585
334.877429673644
671.245661382786
997.693900269293
1329.98666824211
1657.71362405378
321.640256442553
671.245661382786
997.693900269293
1296.76869345479
1657.71362405378
225.930655657097
821.339603405185
1240.12172293356
2286.65240918504
2765.93420497795
391.636712412914
671.245661382786
997.693900269293
746.113572926627
2149.77217111724
398.366714218149
671.245661382786
521.783570143984
1329.98666824211
2677.34232345862
280.98310374038
935.502642885571
1164.72931366867
2113.16355964248
980.398413132674
334.877429673644
671.245661382786
997.693900269293
1329.98666824211
1657.71362405378
334.877429673644
671.245661382786
997.693900269293
1329.98666824211
1657.71362405378
334.877429673644
498.001342919568
512.914259695729
1329.98666824211
1657.71362405378
209.171662456058
671.245661382786
499.904787248894
2702.86865381072
2597.35348753289
334.877429673644
671.245661382786
997.693900269293
1537.86276268782
1657.71362405378
398.725710188724
681.787635797529
997.693900269293
2900.4308354567
1657.71362405378
253.803381515937
935.502642885571
1161.55036988148
1329.98666824211
1657.71362405378
209.171662456058
671.245661382786
499.904787248894
1329.98666824211
2295.85945730509
334.877429673644
671.245661382786
1415.13188645888
1329.98666824211
2295.85945730509
334.877429673644
671.245661382786
997.693900269293
2428.58227248429
1762.71500494077
334.877429673644
671.245661382786
997.693900269293
1329.98666824211
1657.71362405378
334.877429673644
671.245661382786
997.693900269293
1329.98666824211
2295.85945730509
443.695172089467
671.245661382786
1135.89327079478
1537.86276268782
1657.71362405378
209.171662456058
671.245661382786
499.904787248894
2113.16355964248
1358.99417014956
334.877429673644
477.570977339884
740.950456861086
933.559409317548
1019.51833220634
231.84019918242
671.245661382786
1881.2540761996
2428.58227248429
1762.71500494077
398.366714218149
671.245661382786
521.783570143984
1329.98666824211
1657.71362405378
439.61280072504
695.995138462788
943.457803623306
2138.90416570944
1657.71362405378
334.877429673644
671.245661382786
997.693900269293
1329.98666824211
1657.71362405378
492.057107135436
532.333021371277
746.784323309453
2423.14203211727
1910.57164888367
334.877429673644
671.245661382786
997.693900269293
1329.98666824211
1657.71362405378
334.877429673644
671.245661382786
997.693900269293
1329.98666824211
2106.80863421321
398.322185320557
671.245661382786
1161.55036988148
1455.79679987759
1657.71362405378
334.877429673644
394.680920867762
997.693900269293
997.699099891038
1657.71362405378
334.877429673644
671.245661382786
997.693900269293
933.559409317548
1019.51833220634
416.092386983946
712.897958030004
791.506022093394
1097.21006079575
1426.64968773845
334.877429673644
671.245661382786
769.039888241502
1329.98666824211
1657.71362405378
334.877429673644
578.741357321252
997.693900269293
1537.86276268782
1657.71362405378
403.163994514922
681.787635797529
997.693900269293
2900.4308354567
1657.71362405378
334.877429673644
671.245661382786
997.693900269293
1329.98666824211
1657.71362405378
334.877429673644
503.94276268741
2659.11797879365
1345.34189172025
758.663648195553
209.171662456058
671.245661382786
499.904787248894
2702.86865381072
2770.26466144961
334.877429673644
671.245661382786
997.693900269293
1329.98666824211
2295.85945730509
334.877429673644
671.245661382786
1375.81638931924
1329.98666824211
1657.71362405378
177.93033920604
671.245661382786
997.693900269293
1329.98666824211
2295.85945730509
334.877429673644
671.245661382786
997.693900269293
715.07742641346
1044.09882798399
334.877429673644
671.245661382786
997.693900269293
2294.95645748847
1657.71362405378
334.877429673644
671.245661382786
997.693900269293
2113.16355964248
1910.57164888367
334.877429673644
427.105948381676
1191.77940533254
1329.98666824211
1657.71362405378
334.877429673644
791.864980599112
1376.23217915436
2286.65240918504
1910.57164888367
280.98310374038
935.502642885571
1164.72931366867
2113.16355964248
1358.99417014956
334.877429673644
671.245661382786
997.693900269293
2113.16355964248
980.398413132674
334.877429673644
671.245661382786
727.79503884897
1329.98666824211
1657.71362405378
334.877429673644
675.805624907829
1376.23217915436
2286.65240918504
1910.57164888367
416.092386983946
477.570977339884
791.506022093394
1261.47857480742
1426.64968773845
334.877429673644
671.245661382786
997.693900269293
2702.86865381072
2770.26466144961
499.786291964735
671.245661382786
997.693900269293
1254.87416222872
1275.98212574226
334.877429673644
671.245661382786
997.693900269293
1537.86276268782
1657.71362405378
334.877429673644
498.001342919568
512.914259695729
2286.65240918504
1910.57164888367
334.877429673644
671.245661382786
997.693900269293
1329.98666824211
1657.71362405378
253.803381515937
935.502642885571
1161.55036988148
2113.16355964248
1910.57164888367
334.877429673644
671.245661382786
997.693900269293
1329.98666824211
2295.85945730509
398.322185320557
671.245661382786
1161.55036988148
1329.98666824211
1657.71362405378
