0.6973638771553223 0.6973638771553219 0.6973638771553221 0.6973638771553221 -0.3434491653116381 0.07452359319796271 0.07452359319796255 0.07452359319796281 -0.07070635410986942 -0.3722091869309029 0.015342275079963334 0.015342275079963415 -0.017167742295594444 -0.09037365144514796 -0.3939719618655929 0.003725156361359611 -0.004484272972154235 -0.023605906681996254 -0.10290682315483039 -0.49951348821234987 0.6973638771553229 0.07452359319796302 0.015342275079963608 0.003725156361359724 0.0009730235753003351
0.6624555452249571 0.6624555452249572 0.6624555452249571 0.6624555452249572 -0.3379330121530605 0.0860943916613741 0.08609439166137413 0.08609439166137405 -0.06757781710843644 -0.36967188857238514 0.017216640116589865 0.017216640116590118 -0.017238051839302777 -0.09429755874651102 -0.4079831208243732 0.0043916975647820084 -0.003741836258467403 -0.020469019799451336 -0.08856024152698477 -0.4995233506275153 0.662455545224957 0.08609439166137406 0.017216640116589976 0.004391697564781959 0.0009532987449694428
0.6707378558684035 0.6707378558684031 0.6707378558684036 0.6707378558684035 -0.35280539990823195 0.08659527818404597 0.08659527818404597 0.08659527818404604 -0.0597893598480568 -0.3747144634568654 0.014675161575858072 0.014675161575858025 -0.014296948691254249 -0.08960245554607277 -0.39699815596333815 0.0035091533446601807 -0.0036047817200990763 -0.022592043995098447 -0.10009770101540238 -0.499557607287295 0.6707378558684036 0.08659527818404615 0.014675161575858225 0.0035091533446605728 0.0008847854254101259
0.6859225850270078 0.6859225850270079 0.685922585027008 0.6859225850270081 -0.31359291110654447 0.07179560275765016 0.07179560275765 0.07179560275764998 -0.09296581860850618 -0.38550988563806843 0.02128408119719387 0.02128408119719373 -0.018677745383149476 -0.07745271965986868 -0.3976013986050066 0.004276180807803727 -0.0046448213207101515 -0.01926110653310966 -0.09887635876280909 -0.4994682951453761 0.6859225850270079 0.07179560275764989 0.02128408119719373 0.0042761808078037224 0.0010634097092477714
0.7269239307476584 0.7269239307476586 0.7269239307476584 0.7269239307476583 -0.33215816140151583 0.062389227571803256 0.06238922757180299 0.062389227571803145 -0.08437286069768199 -0.37374410899711363 0.01584774429368471 0.01584774429368468 -0.02006633208047118 -0.08888727183410433 -0.3939454557415642 0.003769056745188551 -0.005241225172082301 -0.02321690903680489 -0.10289657475914724 -0.49950777065263685 0.7269239307476582 0.062389227571803034 0.015847744293684827 0.0037690567451887642 0.0009844586947263785
0.6973638771553223 0.6973638771553219 0.6973638771553221 0.6973638771553221 -0.3434491653116381 0.07452359319796271 0.07452359319796255 0.07452359319796281 -0.07070635410986942 -0.3722091869309029 0.015342275079963334 0.015342275079963415 -0.017167742295594444 -0.09037365144514796 -0.3939719618655929 0.003725156361359611 -0.004484272972154235 -0.023605906681996254 -0.10290682315483039 -0.49951348821234987 0.6973638771553229 0.07452359319796302 0.015342275079963608 0.003725156361359724 0.0009730235753003351
0.7274052794603256 0.7274052794603253 0.7274052794603256 0.7274052794603256 -0.3331006246694123 0.062414636143909186 0.06241463614390938 0.062414636143909186 -0.08461075010031321 -0.3774451963437088 0.015853915574656735 0.015853915574656804 -0.019131202057446037 -0.08534353268707379 -0.39046482410884376 0.0035847036210039473 -0.005217351870958479 -0.023274399517713727 -0.10648533084803331 -0.4995112000780788 0.7274052794603254 0.06241463614390918 0.01585391557465686 0.003584703621003923 0.0009775998438424731
0.6971037405698423 0.6971037405698418 0.6971037405698421 0.6971037405698423 -0.3429451785594833 0.07450599224325033 0.07450599224325032 0.07450599224325044 -0.07047131898540768 -0.36937800556138534 0.015310130813772981 0.015310130813772842 -0.01778174154678724 -0.09320365110975663 -0.39686614361660394 0.0038631430927861263 -0.004477765015857215 -0.023470369715548802 -0.09993809263219662 -0.49951359525312483 0.697103740569842 0.07450599224325034 0.015310130813772837 0.003863143092786213 0.0009728094937501557
0.6976718100371608 0.6976718100371606 0.6976718100371608 0.6976718100371606 -0.34047754051585205 0.07377104611814146 0.07377104611814127 0.07377104611814124 -0.07533832559212628 -0.38495780231981064 0.016323505754005936 0.016323505754005967 -0.015257853098126408 -0.07796336792209259 -0.3830878631657865 0.003305909056028783 -0.004540801811746495 -0.023202229044528653 -0.11400857328577362 -0.49950807371998723 0.6976718100371603 0.07377104611814114 0.016323505754005926 0.003305909056028708 0.0009838525600253606
0.6607205449078022 0.6607205449078019 0.6607205449078022 0.6607205449078017 -0.33721415095211854 0.0865795942521948 0.08657959425219494 0.08657959425219484 -0.06769984286163144 -0.36944297776561175 0.017381906747826956 0.01738190674782692 -0.017374762473240223 -0.09481534542411736 -0.4099362559446482 0.004460963102865151 -0.0036697543871906167 -0.020026117213345674 -0.08658336342947502 -0.4995288960369085 0.6607205449078022 0.08657959425219457 0.017381906747827042 0.0044609631028651444 0.000942207926182898
0.6933509039309369 0.6933509039309368 0.6933509039309368 0.6933509039309367 -0.3357738243779204 0.07425153637601496 0.07425153637601489 0.07425153637601499 -0.07815004208996652 -0.38601260117224184 0.017281754180156584 0.017281754180156563 -0.015740859804779565 -0.07775005713926114 -0.3887235135337675 0.0034808640207428776 -0.004385155010079579 -0.021659938327808364 -0.10829223333726277 -0.4995151431214916 0.693350903930937 0.07425153637601499 0.017281754180156428 0.003480864020742973 0.0009697137570167767
0.6992844151084547 0.6992844151084546 0.6992844151084546 0.6992844151084546 -0.34253923359818284 0.07365163855668361 0.07365163855668361 0.07365163855668343 -0.07202999838807606 -0.3739661027186421 0.015487648964440309 0.015487648964440066 -0.017135468234159745 -0.0889641040842875 -0.3939965630666289 0.0036844109786334685 -0.004475977115249016 -0.023238425032709502 -0.10291633561885288 -0.499518795197243 0.6992844151084544 0.07365163855668333 0.01548764896444023 0.0036844109786335353 0.0009624096055140578
0.720734064781784 0.7207340647817841 0.720734064781784 0.7207340647817838 -0.338326579356804 0.065546429126993 0.06554642912699289 0.06554642912699284 -0.08214076980217158 -0.3893672873593088 0.015913719095053867 0.015913719095053912 -0.01613601676345076 -0.07648865589037852 -0.3907433327445402 0.0031261459894405693 -0.004401984918218485 -0.020866482390306307 -0.10659670740624301 -0.499573585981615 0.7207340647817846 0.06554642912699304 0.015913719095054138 0.003126145989440828 0.0008528280367704759
0.6974298521885074 0.6974298521885074 0.6974298521885075 0.6974298521885075 -0.34357712872289775 0.07452805633148958 0.07452805633148969 0.07452805633148957 -0.07060002571592768 -0.3720570736991467 0.015314414882967708 0.01531441488296774 -0.017174070940693252 -0.0905061225247439 -0.39397183604096686 0.003725364756573274 -0.004485925347789917 -0.023640504954589418 -0.10290677450410975 -0.4995134610702091 0.6974298521885076 0.0745280563314897 0.015314414882967618 0.003725364756573276 0.0009730778595816248
0.7091015952062092 0.7091015952062094 0.7091015952062092 0.7091015952062093 -0.3497403088694001 0.07173788539610468 0.07173788539610443 0.07173788539610465 -0.06284935867932837 -0.3419202125603005 0.012891508287195994 0.012891508287195989 -0.022655247214000238 -0.12325164656874842 -0.4225244031931554 0.004646989457727293 -0.003970524192601585 -0.021600896245209354 -0.07405098470107277 -0.49959278784534145 0.7091015952062092 0.07173788539610483 0.012891508287196048 0.004646989457727294 0.0008144243093172244
0.6937852732407647 0.6937852732407648 0.6937852732407648 0.693785273240765 -0.34444527734096875 0.07601358846361045 0.07601358846361041 0.07601358846361032 -0.07109279024118767 -0.3815039841442596 0.015689046869334637 0.015689046869334828 -0.014975506795095395 -0.08036279751470966 -0.3806950220017323 0.0033048559101871906 -0.0045778061342667655 -0.024565800173799755 -0.116373224015043 -0.49949487553691746 0.6937852732407644 0.07601358846361021 0.015689046869334682 0.00330485591018716 0.0010102489261651496
0.721034488335953 0.7210344883359533 0.7210344883359531 0.7210344883359533 -0.32721381146079964 0.06329889194923904 0.06329889194923917 0.0632988919492391 -0.09053101444174194 -0.38947925563965796 0.017513053240692415 0.01751305324069242 -0.017179529624525295 -0.07390915093197493 -0.3827901460354279 0.0033233474607531634 -0.005129194748062818 -0.022066636111670566 -0.11428748339256932 -0.49950388349639824 0.7210344883359532 0.06329889194923922 0.017513053240692404 0.003323347460753174 0.0009922330072034762
0.7269239307476584 0.7269239307476586 0.7269239307476584 0.7269239307476583 -0.33215816140151583 0.062389227571803256 0.06238922757180299 0.062389227571803145 -0.08437286069768199 -0.37374410899711363 0.01584774429368471 0.01584774429368468 -0.02006633208047118 -0.08888727183410433 -0.3939454557415642 0.003769056745188551 -0.005241225172082301 -0.02321690903680489 -0.10289657475914724 -0.49950777065263685 0.7269239307476582 0.062389227571803034 0.015847744293684827 0.0037690567451887642 0.0009844586947263785
0.7000783474594425 0.7000783474594422 0.7000783474594422 0.7000783474594424 -0.3561015014888761 0.07627899876228104 0.076278998762281 0.07627899876228116 -0.061974648269755746 -0.36962338276570517 0.013275327677350804 0.013275327677350946 -0.014255044263793364 -0.08501859759371168 -0.3575495717293011 0.0030535128304932523 -0.005560527067859881 -0.03316357385098085 -0.13947091534133077 -0.4994044514898793 0.7000783474594425 0.0762789987622812 0.013275327677350892 0.00305351283049309 0.001191097020241454
0.6992793222460555 0.6992793222460556 0.6992793222460553 0.6992793222460556 -0.34252936167629955 0.07365129964309024 0.07365129964309024 0.0736512996430902 -0.07202794045142918 -0.3739241756590219 0.015487581557683238 0.015487581557683254 -0.016149463481885926 -0.08383794930068456 -0.3711626039022783 0.003472487637727092 -0.005466430525105562 -0.028378300352427124 -0.12563479833400223 -0.4994122989769222 0.6992793222460553 0.07365129964309033 0.015487581557683367 0.0034724876377270606 0.0011754020461555582
0.6928114103756408 0.6928114103756406 0.692811410375641 0.6928114103756404 -0.3347579514904811 0.07421487394971207 0.07421487394971227 0.07421487394971207 -0.07791564188485342 -0.38173552927384147 0.017273673457043448 0.01727367345704322 -0.016737869489352714 -0.08200457974635113 -0.39398066768683315 0.0037107374710841144 -0.004372035126536747 -0.021420103879768188 -0.10291018934034493 -0.49951536620060116 0.6928114103756404 0.07421487394971209 0.01727367345704334 0.0037107374710841287 0.000969267598797886
0.692555765926433 0.6925557659264331 0.6925557659264332 0.6925557659264333 -0.3342778719230689 0.07419749380300908 0.0741974938030091 0.07419749380300902 -0.07856544104259527 -0.3834502197354073 0.017438662007008946 0.01743866200700916 -0.016468574078370796 -0.08037730413371393 -0.39279171141260055 0.0036554227059502225 -0.004365834863342945 -0.02130810080694058 -0.10412946133384653 -0.4995154719584723 0.6925557659264329 0.07419749380300933 0.017438662007009043 0.0036554227059501635 0.0009690560830553646
0.7263195520716921 0.7263195520716921 0.7263195520716921 0.7263195520716922 -0.3309796602275546 0.0623573063728394 0.06235730637283932 0.06235730637283941 -0.08407538926267032 -0.3691880683365034 0.015839990901747727 0.015839990901748105 -0.021827876715072258 -0.09584959059955181 -0.40903677262712224 0.004112420669157136 -0.004682105699243481 -0.02055985198534839 -0.08773887764333968 -0.4995589404204521 0.7263195520716924 0.062357306372839524 0.015839990901748032 0.0041124206691569775 0.0008821191590957225
0.6974298521885074 0.6974298521885074 0.6974298521885075 0.6974298521885075 -0.34357712872289775 0.07452805633148958 0.07452805633148969 0.07452805633148957 -0.07060002571592768 -0.3720570736991467 0.015314414882967708 0.01531441488296774 -0.017174070940693252 -0.0905061225247439 -0.39397183604096686 0.003725364756573274 -0.004485925347789917 -0.023640504954589418 -0.10290677450410975 -0.4995134610702091 0.6974298521885076 0.0745280563314897 0.015314414882967618 0.003725364756573276 0.0009730778595816248
0.7255414778041693 0.7255414778041688 0.7255414778041691 0.725541477804169 -0.31827342353126853 0.06019838710046636 0.060198387100466384 0.06019838710046657 -0.09832112940295301 -0.39015515073585383 0.0185965053012747 0.018596505301274824 -0.01888289093747597 -0.07493055871893255 -0.3940647248597317 0.003571518996522357 -0.004932833492247323 -0.019574331645796385 -0.10294269449194543 -0.49953350076048797 0.7255414778041693 0.06019838710046654 0.018596505301274466 0.0035715189965221366 0.0009329984790240937
0.6982555888488021 0.698255588848802 0.6982555888488023 0.6982555888488022 -0.34518364735163337 0.07458389024917303 0.0745838902491728 0.07458389024917302 -0.07106026768997009 -0.3797102488469052 0.015354004302140683 0.015354004302140869 -0.01459126860508966 -0.07796838392451846 -0.3625547713652529 0.003152737925414076 -0.005410276180806665 -0.028909788574221235 -0.13443117914168412 -0.49941550034599996 0.6982555888488018 0.07458389024917296 0.01535400430214062 0.0031527379254139855 0.0011689993080001768
0.6974298521885074 0.6974298521885074 0.6974298521885075 0.6974298521885075 -0.34357712872289775 0.07452805633148958 0.07452805633148969 0.07452805633148957 -0.07060002571592768 -0.3720570736991467 0.015314414882967708 0.01531441488296774 -0.017174070940693252 -0.0905061225247439 -0.39397183604096686 0.003725364756573274 -0.004485925347789917 -0.023640504954589418 -0.10290677450410975 -0.4995134610702091 0.6974298521885076 0.0745280563314897 0.015314414882967618 0.003725364756573276 0.0009730778595816248
0.7189362299696875 0.7189362299696876 0.7189362299696876 0.7189362299696874 -0.34759824230789743 0.06794571504838981 0.06794571504838987 0.06794571504838971 -0.07177563983552285 -0.37285136957916076 0.01403012609989116 0.014030126099891125 -0.017476778348135928 -0.09078624388255022 -0.3941584908787414 0.00341622038627681 -0.004566032532785567 -0.023719070805825002 -0.102978961944552 -0.49955373430067646 0.7189362299696875 0.06794571504838952 0.014030126099890926 0.003416220386277053 0.0008925313986469159
0.704111625398183 0.704111625398183 0.7041116253981827 0.7041116253981824 -0.34398483730521245 0.07227626325609354 0.07227626325609347 0.07227626325609346 -0.0708016882000608 -0.3683106082481827 0.014876473903362806 0.014876473903362709 -0.017755323386926543 -0.09236324899208374 -0.3887141551825255 0.0037306540525560814 -0.0049372130778941115 -0.025683398207000597 -0.10808953285203653 -0.49948130953247116 0.7041116253981827 0.0722762632560936 0.014876473903362655 0.003730654052556119 0.0010373809350576009
0.6992844151084547 0.6992844151084546 0.6992844151084546 0.6992844151084546 -0.34253923359818284 0.07365163855668361 0.07365163855668361 0.07365163855668343 -0.07202999838807606 -0.3739661027186421 0.015487648964440309 0.015487648964440066 -0.017135468234159745 -0.0889641040842875 -0.3939965630666289 0.0036844109786334685 -0.004475977115249016 -0.023238425032709502 -0.10291633561885288 -0.499518795197243 0.6992844151084544 0.07365163855668333 0.01548764896444023 0.0036844109786335353 0.0009624096055140578
0.697812472400769 0.6978124724007687 0.6978124724007685 0.697812472400769 -0.3443203989712101 0.07455393403124293 0.07455393403124287 0.07455393403124312 -0.07088412672036798 -0.3759491204309693 0.015348177230168856 0.015348177230169065 -0.016362748807351887 -0.086783336503874 -0.39049018819991443 0.0035429422677195786 -0.004462490206617368 -0.023667770849853074 -0.10649547097119245 -0.4995168799155186 0.697812472400769 0.07455393403124294 0.015348177230168906 0.003542942267719318 0.0009662401689626103
0.6974298521885074 0.6974298521885074 0.6974298521885075 0.6974298521885075 -0.34357712872289775 0.07452805633148958 0.07452805633148969 0.07452805633148957 -0.07060002571592768 -0.3720570736991467 0.015314414882967708 0.01531441488296774 -0.017174070940693252 -0.0905061225247439 -0.39397183604096686 0.003725364756573274 -0.004485925347789917 -0.023640504954589418 -0.10290677450410975 -0.4995134610702091 0.6974298521885076 0.0745280563314897 0.015314414882967618 0.003725364756573276 0.0009730778595816248
0.66274179052473 0.6627417905247305 0.66274179052473 0.6627417905247303 -0.326276177576326 0.08301824407112074 0.08301824407112028 0.08301824407112057 -0.07640086113415114 -0.37309214910227784 0.019439560019348896 0.01943956001934887 -0.017729076325072674 -0.08657728577306573 -0.3916855291107819 0.004511015166487605 -0.004730319758947209 -0.02309980723525745 -0.10450616623642933 -0.4993982048533242 0.6627417905247297 0.08301824407112042 0.019439560019348854 0.00451101516648754 0.001203590293351518
0.6943125975011631 0.6943125975011631 0.6943125975011633 0.694312597501163 -0.3265985817355988 0.07189634213024061 0.07189634213024047 0.07189634213024033 -0.08241050264187516 -0.3739241234164285 0.01814157814641682 0.018141578146416756 -0.019048670607862535 -0.08643021497206611 -0.3900954437328159 0.004193311960729032 -0.0051925380505649515 -0.023560288757143916 -0.10633736477644656 -0.4994284658398947 0.6943125975011635 0.07189634213024076 0.018141578146417182 0.004193311960729443 0.0011430683202108681
0.729531757592534 0.7295317575925344 0.7295317575925337 0.7295317575925339 -0.35315288120456995 0.06546434619634618 0.06546434619634595 0.0654643461963459 -0.06883929534136654 -0.3681796909327614 0.012760817487226584 0.012760817487226492 -0.01779532672005417 -0.09517642299136045 -0.3942294232349958 0.003298739699093476 -0.004649659539010449 -0.024868212312840338 -0.10300640314951154 -0.49956904369473265 0.7295317575925342 0.06546434619634603 0.01276081748722677 0.003298739699093479 0.0008619126105349539
0.6974298521885074 0.6974298521885074 0.6974298521885075 0.6974298521885075 -0.34357712872289775 0.07452805633148958 0.07452805633148969 0.07452805633148957 -0.07060002571592768 -0.3720570736991467 0.015314414882967708 0.01531441488296774 -0.017174070940693252 -0.0905061225247439 -0.39397183604096686 0.003725364756573274 -0.004485925347789917 -0.023640504954589418 -0.10290677450410975 -0.4995134610702091 0.6974298521885076 0.0745280563314897 0.015314414882967618 0.003725364756573276 0.0009730778595816248
0.7010225558407756 0.7010225558407752 0.7010225558407753 0.7010225558407751 -0.3390311210166961 0.07229628861972844 0.07229628861972827 0.07229628861972827 -0.07509859316171168 -0.3753470627346369 0.016014310278870396 0.01601431027887042 -0.01752308172473423 -0.08758136442416543 -0.393964998856468 0.003736688744323453 -0.004577049993577934 -0.022876357582088763 -0.10290413089500819 -0.49951198620591186 0.7010225558407752 0.07229628861972831 0.016014310278870528 0.0037366887443233947 0.0009760275881762114
0.6679952717037029 0.6679952717037024 0.6679952717037025 0.6679952717037022 -0.3564112066031647 0.08857114026289567 0.08857114026289584 0.08857114026289552 -0.054901184649274744 -0.36205264435944023 0.01364339963525422 0.01364339963525387 -0.015193281149011209 -0.1001939694313801 -0.3980836299774079 0.0037756563507865474 -0.0037711313261582138 -0.024869191395133095 -0.09880852152441891 -0.49953142129729544 0.6679952717037019 0.08857114026289552 0.013643399635254082 0.003775656350786397 0.0009371574054091128
0.6940904403200069 0.6940904403200069 0.6940904403200068 0.6940904403200068 -0.32619092450211645 0.07188178678851061 0.07188178678851052 0.07188178678851048 -0.08230847428863429 -0.37233214325857356 0.018138089552104622 0.018138089552104737 -0.019541780037632663 -0.08839955918735942 -0.39362103873287296 0.004306367714788969 -0.005102197008700165 -0.023080393167233818 -0.10277119497388575 -0.49943782151803867 0.6940904403200069 0.0718817867885105 0.018138089552104632 0.004306367714788974 0.0011243569639227658
0.6899712163962124 0.6899712163962127 0.6899712163962128 0.6899712163962126 -0.3483472551263302 0.07826245009365504 0.07826245009365491 0.0782624500936551 -0.06838413161308646 -0.3859024724675177 0.015363719991495894 0.015363719991495927 -0.01365695963829557 -0.07706838365113844 -0.37924319382224625 0.003068280591835041 -0.004249907707316241 -0.023982901490821832 -0.11801664609543415 -0.49952259105683816 0.6899712163962124 0.0782624500936552 0.015363719991495838 0.0030682805918352033 0.0009548178863239871
0.6973638771553223 0.6973638771553219 0.6973638771553221 0.6973638771553221 -0.3434491653116381 0.07452359319796271 0.07452359319796255 0.07452359319796281 -0.07070635410986942 -0.3722091869309029 0.015342275079963334 0.015342275079963415 -0.017167742295594444 -0.09037365144514796 -0.3939719618655929 0.003725156361359611 -0.004484272972154235 -0.023605906681996254 -0.10290682315483039 -0.49951348821234987 0.6973638771553229 0.07452359319796302 0.015342275079963608 0.003725156361359724 0.0009730235753003351
0.729531757592534 0.7295317575925344 0.7295317575925337 0.7295317575925339 -0.35315288120456995 0.06546434619634618 0.06546434619634595 0.0654643461963459 -0.06883929534136654 -0.3681796909327614 0.012760817487226584 0.012760817487226492 -0.01779532672005417 -0.09517642299136045 -0.3942294232349958 0.003298739699093476 -0.004649659539010449 -0.024868212312840338 -0.10300640314951154 -0.49956904369473265 0.7295317575925342 0.06546434619634603 0.01276081748722677 0.003298739699093479 0.0008619126105349539
0.6973638771553223 0.6973638771553219 0.6973638771553221 0.6973638771553221 -0.3434491653116381 0.07452359319796271 0.07452359319796255 0.07452359319796281 -0.07070635410986942 -0.3722091869309029 0.015342275079963334 0.015342275079963415 -0.017167742295594444 -0.09037365144514796 -0.3939719618655929 0.003725156361359611 -0.004484272972154235 -0.023605906681996254 -0.10290682315483039 -0.49951348821234987 0.6973638771553229 0.07452359319796302 0.015342275079963608 0.003725156361359724 0.0009730235753003351
0.6498794846223964 0.6498794846223963 0.6498794846223962 0.6498794846223968 -0.3396382880486159 0.09148952634090464 0.09148952634090446 0.09148952634090467 -0.06455627581512957 -0.3727934874087184 0.017389744632718238 0.01738974463271823 -0.01533562676354222 -0.0885587297376214 -0.3937269159007757 0.004131010189689108 -0.004004521859227149 -0.023124934802323947 -0.10281210318961435 -0.49946064413080826 0.6498794846223964 0.09148952634090451 0.01738974463271812 0.004131010189689107 0.0010787117383835008
0.6992844151084547 0.6992844151084546 0.6992844151084546 0.6992844151084546 -0.34253923359818284 0.07365163855668361 0.07365163855668361 0.07365163855668343 -0.07202999838807606 -0.3739661027186421 0.015487648964440309 0.015487648964440066 -0.017135468234159745 -0.0889641040842875 -0.3939965630666289 0.0036844109786334685 -0.004475977115249016 -0.023238425032709502 -0.10291633561885288 -0.499518795197243 0.6992844151084544 0.07365163855668333 0.01548764896444023 0.0036844109786335353 0.0009624096055140578
0.6799737720973655 0.6799737720973659 0.6799737720973655 0.6799737720973659 -0.331656059113699 0.07804612612617937 0.07804612612617919 0.07804612612617928 -0.07612774408697053 -0.37406371563877505 0.017914569486807704 0.017914569486807773 -0.017599467413753143 -0.08647730538988559 -0.39012688157243725 0.004141550307261085 -0.00479767500310108 -0.02357400918168497 -0.10634992206043524 -0.4994354996115478 0.679973772097366 0.0780461261261796 0.017914569486808016 0.004141550307261216 0.00112900077690452
0.7265689522254193 0.7265689522254196 0.7265689522254194 0.7265689522254193 -0.3321464398210879 0.062498644331488044 0.06249864433148797 0.062498644331487836 -0.08704156208085377 -0.38581796647579797 0.016378256631257644 0.016378256631257544 -0.018517515574458968 -0.08208021584545024 -0.40675998011962 0.0034843655720480336 -0.004118857741317208 -0.018257132339627894 -0.09047577069596517 -0.4996124856476481 0.7265689522254193 0.062498644331487815 0.016378256631257672 0.0034843655720478723 0.0007750287047038953
0.6708891365673725 0.6708891365673724 0.6708891365673727 0.6708891365673725 -0.3379639652269981 0.0828956725801763 0.08289567258017597 0.08289567258017622 -0.07058794469520589 -0.3773699535379254 0.01731378417113554 0.017313784171135473 -0.015722946044655725 -0.08405638447146994 -0.3884946814920779 0.0038565182132306026 -0.0043789819191700765 -0.023410459257823854 -0.10819926374585531 -0.49946296249192984 0.6708891365673721 0.08289567258017624 0.01731378417113547 0.0038565182132306473 0.0010740750161402374
0.6974298521885074 0.6974298521885074 0.6974298521885075 0.6974298521885075 -0.34357712872289775 0.07452805633148958 0.07452805633148969 0.07452805633148957 -0.07060002571592768 -0.3720570736991467 0.015314414882967708 0.01531441488296774 -0.017174070940693252 -0.0905061225247439 -0.39397183604096686 0.003725364756573274 -0.004485925347789917 -0.023640504954589418 -0.10290677450410975 -0.4995134610702091 0.6974298521885076 0.0745280563314897 0.015314414882967618 0.003725364756573276 0.0009730778595816248
0.6947398944607717 0.694739894460772 0.6947398944607717 0.6947398944607719 -0.34180152565338656 0.07509167864572226 0.07509167864572197 0.075091678645722 -0.07280205845953044 -0.3796212226861207 0.015994161430788915 0.015994161430788773 -0.0160841224942369 -0.08386952754213348 -0.3915532148886602 0.0035335821141432968 -0.00433180638190042 -0.02258790025903831 -0.1054538546144511 -0.49952416448088793 0.6947398944607716 0.07509167864572212 0.015994161430788717 0.003533582114143259 0.0009516710382242975
0.6974298521885074 0.6974298521885074 0.6974298521885075 0.6974298521885075 -0.34357712872289775 0.07452805633148958 0.07452805633148969 0.07452805633148957 -0.07060002571592768 -0.3720570736991467 0.015314414882967708 0.01531441488296774 -0.017174070940693252 -0.0905061225247439 -0.39397183604096686 0.003725364756573274 -0.004485925347789917 -0.023640504954589418 -0.10290677450410975 -0.4995134610702091 0.6974298521885076 0.0745280563314897 0.015314414882967618 0.003725364756573276 0.0009730778595816248
0.6866700824858746 0.6866700824858746 0.6866700824858748 0.6866700824858747 -0.3296877792067821 0.07521883310417936 0.0752188331041796 0.07521883310417928 -0.07934151913469181 -0.3766636934932999 0.01810190386911881 0.018101903869118703 -0.016505721465168946 -0.07835879724319235 -0.3620344199492413 0.0037658087028271644 -0.006125866655851749 -0.02908176684295014 -0.13436398924565254 -0.49930118650027977 0.6866700824858746 0.07521883310417939 0.018101903869118707 0.003765808702827086 0.001397626999440362
0.6970480436708097 0.6970480436708096 0.6970480436708097 0.69704804367081 -0.34327875801696656 0.07459813728177439 0.07459813728177435 0.07459813728177439 -0.0734430335067992 -0.38627809738263685 0.01595995489956692 0.015959954899567134 -0.014577707949333477 -0.07667234075165182 -0.3803813895781855 0.003167891497685472 -0.004476373129995642 -0.023543756477180308 -0.11680361805684555 -0.49951361817549556 0.6970480436708092 0.07459813728177458 0.0159599548995671 0.0031678914976854622 0.0009727636490089225
0.6958768283550611 0.6958768283550607 0.6958768283550611 0.6958768283550611 -0.34058030466543526 0.07442291382189989 0.07442291382190033 0.07442291382190024 -0.07003608865506776 -0.3598403718021861 0.015304143307756242 0.015304143307756252 -0.02065196166245645 -0.10610828939438643 -0.4192897051353232 0.004512824558566426 -0.003809062115439363 -0.01957068640123366 -0.07733408367342139 -0.4995838257561046 0.695876828355061 0.07442291382190004 0.01530414330775603 0.004512824558566326 0.0008323484877908771
0.695900056813472 0.6959000568134719 0.6959000568134727 0.6959000568134723 -0.3406248924225687 0.07442448769722142 0.07442448769722171 0.07442448769722154 -0.06999874522546694 -0.3597826144687971 0.015294304288222323 0.015294304288222156 -0.020654636934225395 -0.10616160694257336 -0.4192896535536089 0.004512913784629791 -0.003809555268444817 -0.019580518908299774 -0.07733406855740185 -0.4995838175577952 0.6959000568134727 0.07442448769722165 0.015294304288222225 0.004512913784629911 0.000832364884409369
0.6928114103756408 0.6928114103756406 0.692811410375641 0.6928114103756404 -0.3347579514904811 0.07421487394971207 0.07421487394971227 0.07421487394971207 -0.07791564188485342 -0.38173552927384147 0.017273673457043448 0.01727367345704322 -0.016737869489352714 -0.08200457974635113 -0.39398066768683315 0.0037107374710841144 -0.004372035126536747 -0.021420103879768188 -0.10291018934034493 -0.49951536620060116 0.6928114103756404 0.07421487394971209 0.01727367345704334 0.0037107374710841287 0.000969267598797886
0.7001698278009045 0.7001698278009044 0.7001698278009041 0.7001698278009042 -0.34426082161413346 0.0737105323076839 0.07371053230768361 0.07371053230768373 -0.07238888237177513 -0.3813858505146921 0.015499361872674852 0.01549936187267493 -0.014563595897441944 -0.07672931568928203 -0.36257668809951216 0.0031182473825548404 -0.005400132280550483 -0.0284509716855723 -0.13444221409117568 -0.4994218821894037 0.7001698278009043 0.07371053230768367 0.015499361872674818 0.003118247382554725 0.0011562356211925592
0.6643590406357907 0.6643590406357909 0.6643590406357909 0.6643590406357907 -0.33708813523086084 0.08515018098564829 0.0851501809856482 0.0851501809856483 -0.06872684687670273 -0.3707914728444728 0.017360751798980525 0.017360751798980455 -0.016692943963706828 -0.09006089410034075 -0.393675164484109 0.0042167227236267184 -0.00435867696960998 -0.023515704948814872 -0.10279210645377569 -0.4994494879913734 0.6643590406357914 0.08515018098564814 0.01736075179898059 0.00421672272362667 0.0011010240172531526
0.6937006908269019 0.6937006908269018 0.6937006908269019 0.6937006908269021 -0.3557842154056817 0.07854717519709523 0.07854717519709509 0.07854717519709521 -0.06001171780482162 -0.36322042367314616 0.01324890399344788 0.013248903993447967 -0.017344005862248064 -0.10497445145569805 -0.41968498461740716 0.0038290700039297935 -0.003200717293189274 -0.019372314838100306 -0.07744998465900883 -0.4996466857000697 0.6937006908269019 0.07854717519709502 0.013248903993447655 0.003829070003929354 0.0007066285998603208
0.6997991404003512 0.6997991404003512 0.6997991404003513 0.6997991404003512 -0.3435387713321413 0.07368588249530825 0.07368588249530833 0.07368588249530819 -0.07223836412502013 -0.37824756885392724 0.015494459591646118 0.015494459591645951 -0.016168263114312315 -0.0846587030264871 -0.3890234494914272 0.0034679425887641567 -0.004488896822512252 -0.02350432945869102 -0.10800703291122028 -0.4995185866175824 0.699799140400351 0.0736858824953084 0.01549445959164577 0.0034679425887641606 0.0009628267648352921
0.6872822212834262 0.6872822212834263 0.6872822212834264 0.6872822212834265 -0.34024035984074236 0.07740576306516085 0.07740576306516074 0.07740576306516081 -0.07134956639222048 -0.37350706471799483 0.016232253085857504 0.01623225308585756 -0.016964118118134502 -0.08880527639092461 -0.3938909139604965 0.0038593907797309676 -0.004430647875797875 -0.023193950104630833 -0.10287548866860775 -0.49949600676436556 0.6872822212834265 0.0774057630651606 0.016232253085857445 0.003859390779730929 0.0010079864712689653
0.7278807672010256 0.727880767201026 0.7278807672010258 0.7278807672010256 -0.334034994475579 0.062439722630835956 0.062439722630835866 0.0624397226308357 -0.08484659442288042 -0.38116615460948655 0.015860008410953814 0.01586000841095401 -0.017065066105574664 -0.0766633672201286 -0.3625311574741636 0.0031898992977721155 -0.006327384629264996 -0.02842524068616921 -0.1344192902178317 -0.4994086246235216 0.7278807672010259 0.0624397226308359 0.015860008410954106 0.003189899297772056 0.001182750752956785
0.6974298521885074 0.6974298521885074 0.6974298521885075 0.6974298521885075 -0.34357712872289775 0.07452805633148958 0.07452805633148969 0.07452805633148957 -0.07060002571592768 -0.3720570736991467 0.015314414882967708 0.01531441488296774 -0.017174070940693252 -0.0905061225247439 -0.39397183604096686 0.003725364756573274 -0.004485925347789917 -0.023640504954589418 -0.10290677450410975 -0.4995134610702091 0.6974298521885076 0.0745280563314897 0.015314414882967618 0.003725364756573276 0.0009730778595816248
0.6935914998131758 0.6935914998131758 0.6935914998131758 0.6935914998131758 -0.34407024139085374 0.07600009995212352 0.07600009995212367 0.07600009995212362 -0.07101609008926789 -0.37985389676021947 0.015686418921833596 0.01568641892183383 -0.014318715181970516 -0.07658855551797217 -0.3574795768106629 0.0031627954240295614 -0.00558499232935942 -0.029873245584436606 -0.13943434651903672 -0.49938317831041223 0.6935914998131759 0.07600009995212394 0.01568641892183374 0.0031627954240294066 0.0012336433791755028
0.7465105155044396 0.7465105155044398 0.7465105155044399 0.7465105155044398 -0.3709182532117308 0.06297558764667929 0.06297558764667915 0.06297558764667924 -0.05736902425460396 -0.3557308933112309 0.009740281002261668 0.009740281002261687 -0.015843008136322285 -0.0982385095493181 -0.3628488955316089 0.002689872333962538 -0.005876112922058126 -0.03643629861446779 -0.13457930876773247 -0.4995011681669201 0.7465105155044398 0.0629755876466793 0.00974028100226137 0.002689872333962538 0.0009976636661599549
0.68943500208099 0.6894350020809901 0.6894350020809897 0.6894350020809901 -0.3473032094423436 0.07822363253400379 0.07822363253400383 0.07822363253400384 -0.06818114743853596 -0.381140940342325 0.015356544016804467 0.01535654401680423 -0.014644199695256302 -0.08186286462020036 -0.3855682287935493 0.003298335473362537 -0.004237320819510232 -0.0236871408351729 -0.11156473670171724 -0.49952281087864653 0.68943500208099 0.07822363253400388 0.015356544016804355 0.003298335473362384 0.0009543782427068501
0.7209831176745982 0.7209831176745978 0.7209831176745976 0.720983117674598 -0.3388180627997232 0.06556045297067416 0.06556045297067419 0.06556045297067431 -0.08225927504729862 -0.39144800871805935 0.015916965254382014 0.01591696525438216 -0.01560444690649714 -0.0742570325982419 -0.38719691520610383 0.0030194216893078512 -0.004440950504753881 -0.021133194170526667 -0.11019437896947784 -0.4995703435579761 0.7209831176745979 0.06556045297067427 0.015916965254381958 0.0030194216893079232 0.0008593128840481222
0.6512982345773022 0.6512982345773024 0.6512982345773024 0.6512982345773025 -0.34225786875880443 0.09162156192812444 0.09162156192812457 0.09162156192812448 -0.06504781589500908 -0.38469115409725446 0.0174131350549424 0.017413135054942505 -0.012964007526113206 -0.076668815829197 -0.37895443039396953 0.0034704318784487356 -0.0040349258108032336 -0.023862450191409403 -0.11794601393395127 -0.49945993030578 0.6512982345773026 0.09162156192812465 0.017413135054942436 0.0034704318784485834 0.0010801393884399145
0.7017818485529739 0.7017818485529731 0.7017818485529738 0.7017818485529738 -0.35214870387255404 0.07482178095648723 0.07482178095648763 0.07482178095648771 -0.06346602676128638 -0.36096326084899777 0.013484761125885404 0.0134847611258854 -0.017597960323079802 -0.10008846412274466 -0.39396355754110285 0.0037390759020111833 -0.004596600296883814 -0.026143181110476605 -0.10290357361357676 -0.4995116752997018 0.7017818485529739 0.07482178095648777 0.013484761125885434 0.003739075902011368 0.000976649400596484
0.6669986470012492 0.6669986470012496 0.6669986470012492 0.6669986470012493 -0.33945340912212213 0.08473663704260379 0.08473663704260334 0.0847366370426034 -0.06662639509091316 -0.3654737740097504 0.016631727673250978 0.016631727673250926 -0.017227635667536274 -0.09450082082466017 -0.3936245948311688 0.004300477978517028 -0.004498012560540717 -0.02467348899487851 -0.10277256878752997 -0.49943858796595786 0.6669986470012493 0.0847366370426035 0.01663172767325099 0.0043004779785169355 0.001122824068084218
0.6669986470012492 0.6669986470012496 0.6669986470012492 0.6669986470012493 -0.33945340912212213 0.08473663704260379 0.08473663704260334 0.0847366370426034 -0.06662639509091316 -0.3654737740097504 0.016631727673250978 0.016631727673250926 -0.017227635667536274 -0.09450082082466017 -0.3936245948311688 0.004300477978517028 -0.004498012560540717 -0.02467348899487851 -0.10277256878752997 -0.49943858796595786 0.6669986470012493 0.0847366370426035 0.01663172767325099 0.0043004779785169355 0.001122824068084218
0.6969395258849556 0.6969395258849558 0.6969395258849556 0.6969395258849558 -0.34262749538817816 0.07449487892463993 0.07449487892463975 0.07449487892463985 -0.07040661728069798 -0.3680420303724137 0.015307972945594555 0.015307972945594411 -0.017650626688760815 -0.0922665046948358 -0.3886489986984929 0.003837640924390997 -0.004907722474883406 -0.02565452245716055 -0.10806309936677988 -0.499466475696663 0.696939525884956 0.07449487892464003 0.0153079729455947 0.0038376409243910193 0.0010670486066740245
0.7338773723937632 0.7338773723937634 0.7338773723937638 0.7338773723937634 -0.3230292181878333 0.058569311148899586 0.058569311148899565 0.05856931114889945 -0.09670751470502427 -0.3918910307532844 0.01753430402045485 0.017534304020454916 -0.017272671344963023 -0.06999461208249419 -0.37137612768687667 0.0031317552884260113 -0.0058479386111759965 -0.02369779325945857 -0.12573531638477312 -0.49946984712711273 0.7338773723937636 0.05856931114889965 0.01753430402045501 0.003131755288425845 0.001060305745774425
0.6978785323451696 0.6978785323451694 0.6978785323451697 0.6978785323451693 -0.344448924653022 0.07455840079977469 0.07455840079977476 0.07455840079977441 -0.07077757887142078 -0.3758006004924271 0.015320306482155278 0.015320306482155061 -0.016368791778703436 -0.08691172936202372 -0.3904900677967996 0.0035431405084920095 -0.004464137619686476 -0.023702783069292736 -0.10649542283466813 -0.49951685295256887 0.6978785323451691 0.07455840079977451 0.015320306482155047 0.003543140508491945 0.0009662940948625232
0.7006871285334167 0.7006871285334169 0.7006871285334171 0.7006871285334166 -0.3452715736444957 0.0737449154800556 0.07374491548005564 0.07374491548005542 -0.07259958061813004 -0.38584442626818755 0.01550619959836007 0.015506199598360085 -0.014490818772279023 -0.07701424178681773 -0.3791867687621359 0.0030950251546011122 -0.004511293926145135 -0.02397613873028088 -0.1180487447723473 -0.49951822707879256 0.700687128533418 0.0737449154800558 0.015506199598360403 0.0030950251546015056 0.0009635458424151435
0.7064929654785226 0.7064929654785224 0.7064929654785224 0.7064929654785224 -0.3171441967932435 0.06587755099120697 0.06587755099120685 0.065877550991207 -0.0930694616371629 -0.38024426804137945 0.01933249375747984 0.01933249375748003 -0.020619221206917938 -0.08424181828808541 -0.4055484295192216 0.004283047932746154 -0.0046288932541290575 -0.018911790143580277 -0.09104322470697171 -0.49951924053086094 0.7064929654785227 0.06587755099120687 0.019332493757479904 0.004283047932746098 0.000961518938278269
0.6992844151084547 0.6992844151084546 0.6992844151084546 0.6992844151084546 -0.34253923359818284 0.07365163855668361 0.07365163855668361 0.07365163855668343 -0.07202999838807606 -0.3739661027186421 0.015487648964440309 0.015487648964440066 -0.017135468234159745 -0.0889641040842875 -0.3939965630666289 0.0036844109786334685 -0.004475977115249016 -0.023238425032709502 -0.10291633561885288 -0.499518795197243 0.6992844151084544 0.07365163855668333 0.01548764896444023 0.0036844109786335353 0.0009624096055140578
0.7024731456049735 0.7024731456049735 0.7024731456049735 0.7024731456049738 -0.35742501206115207 0.07569224545165737 0.07569224545165729 0.07569224545165748 -0.06042143754482841 -0.3632178271124989 0.012795507104585834 0.012795507104585897 -0.017467976452950194 -0.1050071085545687 -0.4185033505934178 0.0036992105101876357 -0.003285412251263732 -0.019749948818868414 -0.07871295447059849 -0.49965212251221797 0.7024731456049736 0.07569224545165724 0.012795507104585747 0.0036992105101872454 0.0006957549755639352
0.7269239307476584 0.7269239307476586 0.7269239307476584 0.7269239307476583 -0.33215816140151583 0.062389227571803256 0.06238922757180299 0.062389227571803145 -0.08437286069768199 -0.37374410899711363 0.01584774429368471 0.01584774429368468 -0.02006633208047118 -0.08888727183410433 -0.3939454557415642 0.003769056745188551 -0.005241225172082301 -0.02321690903680489 -0.10289657475914724 -0.49950777065263685 0.7269239307476582 0.062389227571803034 0.015847744293684827 0.0037690567451887642 0.0009844586947263785
0.6974298521885074 0.6974298521885074 0.6974298521885075 0.6974298521885075 -0.34357712872289775 0.07452805633148958 0.07452805633148969 0.07452805633148957 -0.07060002571592768 -0.3720570736991467 0.015314414882967708 0.01531441488296774 -0.017174070940693252 -0.0905061225247439 -0.39397183604096686 0.003725364756573274 -0.004485925347789917 -0.023640504954589418 -0.10290677450410975 -0.4995134610702091 0.6974298521885076 0.0745280563314897 0.015314414882967618 0.003725364756573276 0.0009730778595816248
0.7021911783808171 0.7021911783808172 0.7021911783808177 0.7021911783808177 -0.3412869437466377 0.07237221548807088 0.07237221548807109 0.07237221548807099 -0.07559411220171385 -0.38492406036777 0.016030245159197834 0.016030245159197733 -0.015313179886268371 -0.07797447720843599 -0.3821586565925091 0.0032472638489193357 -0.004607182644481795 -0.023459703391154062 -0.11497773442015723 -0.4995115078070685 0.702191178380818 0.07237221548807117 0.016030245159197497 0.00324726384891928 0.0009769843858629047
0.7203147813356181 0.7203147813356182 0.720314781335618 0.7203147813356181 -0.3375012083420001 0.06552281148499971 0.06552281148499978 0.0655228114849998 -0.08194175700270254 -0.38590891125841553 0.015908252071788406 0.015908252071788427 -0.01595751657445539 -0.07515274352041403 -0.37139727598027605 0.003098007723922637 -0.005402792192994972 -0.025444727196725577 -0.12574527457348372 -0.4994755483453033 0.7203147813356187 0.06552281148500004 0.01590825207178864 0.0030980077239230754 0.001048903309393749
0.6974298521885074 0.6974298521885074 0.6974298521885075 0.6974298521885075 -0.34357712872289775 0.07452805633148958 0.07452805633148969 0.07452805633148957 -0.07060002571592768 -0.3720570736991467 0.015314414882967708 0.01531441488296774 -0.017174070940693252 -0.0905061225247439 -0.39397183604096686 0.003725364756573274 -0.004485925347789917 -0.023640504954589418 -0.10290677450410975 -0.4995134610702091 0.6974298521885076 0.0745280563314897 0.015314414882967618 0.003725364756573276 0.0009730778595816248
0.6974065214934309 0.6974065214934313 0.6974065214934311 0.6974065214934313 -0.34353187047131845 0.07452647807277744 0.07452647807277753 0.07452647807277742 -0.07063763266536122 -0.37211091545015845 0.015324266638566253 0.015324266638566453 -0.017171832619608137 -0.09045923702327877 -0.3939718805351108 0.003725291063792151 -0.00448534093405434 -0.023628259584858154 -0.10290679170799122 -0.4995134706682205 0.697406521493431 0.07452647807277729 0.015324266638566467 0.003725291063792117 0.0009730586635589046
0.6974298521885074 0.6974298521885074 0.6974298521885075 0.6974298521885075 -0.34357712872289775 0.07452805633148958 0.07452805633148969 0.07452805633148957 -0.07060002571592768 -0.3720570736991467 0.015314414882967708 0.01531441488296774 -0.017174070940693252 -0.0905061225247439 -0.39397183604096686 0.003725364756573274 -0.004485925347789917 -0.023640504954589418 -0.10290677450410975 -0.4995134610702091 0.6974298521885076 0.0745280563314897 0.015314414882967618 0.003725364756573276 0.0009730778595816248
0.6979947766456875 0.6979947766456873 0.6979947766456874 0.6979947766456875 -0.3492204027667683 0.07554955227909775 0.0755495522790977 0.07554955227909763 -0.06563873013887857 -0.3657423062232977 0.014200134456269841 0.014200134456269825 -0.017228378846491803 -0.09599739358870377 -0.3939707590405396 0.00372714852292425 -0.0045001048478398 -0.025074810585354552 -0.1029063580771252 -0.4995132287464167 0.6979947766456875 0.07554955227909764 0.014200134456269763 0.0037271485229241584 0.0009735425071664938
0.6689581438305671 0.6689581438305675 0.6689581438305673 0.668958143830567 -0.34311984269496576 0.08489845789445548 0.08489845789445555 0.08489845789445576 -0.06366466832927957 -0.3607176405538663 0.015752607372004734 0.015752607372004696 -0.017411245637617173 -0.09865037563726102 -0.3936200045872851 0.004308080503433344 -0.0045459263839510355 -0.025756764032275933 -0.10277079545867138 -0.49943759862928966 0.668958143830567 0.08489845789445567 0.01575260737200473 0.0043080805034331655 0.0011248027414208599
0.6974247221884597 0.6974247221884595 0.6974247221884597 0.6974247221884596 -0.34356717662269065 0.0745277093041207 0.07452770930412063 0.07452770930412053 -0.07059799882139907 -0.3720146597245365 0.015314347503551531 0.015314347503551484 -0.01618580468095664 -0.08529075499699208 -0.37113842119648666 0.003511077390959107 -0.00547859228363767 -0.02886932601762638 -0.1256234169760414 -0.49940578297216215 0.6974247221884597 0.07452770930412056 0.015314347503551349 0.003511077390959214 0.0011884340556758176
0.7010225558407756 0.7010225558407752 0.7010225558407753 0.7010225558407751 -0.3390311210166961 0.07229628861972844 0.07229628861972827 0.07229628861972827 -0.07509859316171168 -0.3753470627346369 0.016014310278870396 0.01601431027887042 -0.01752308172473423 -0.08758136442416543 -0.393964998856468 0.003736688744323453 -0.004577049993577934 -0.022876357582088763 -0.10290413089500819 -0.49951198620591186 0.7010225558407752 0.07229628861972831 0.016014310278870528 0.0037366887443233947 0.0009760275881762114
0.7266549815791989 0.7266549815791993 0.726654981579199 0.7266549815791993 -0.320362023501768 0.06025511792756579 0.060255117927565986 0.060255117927565896 -0.09896268080186815 -0.39828262485799565 0.018613342296209198 0.018613342296209284 -0.016627110475074307 -0.06691703529206973 -0.3829107469938375 0.0031273010811932417 -0.0049649425821960205 -0.019981778463189114 -0.11433916168297173 -0.4995330857298194 0.7266549815791992 0.0602551179275659 0.018613342296209152 0.003127301081192904 0.0009338285403613033
0.7010225558407756 0.7010225558407752 0.7010225558407753 0.7010225558407751 -0.3390311210166961 0.07229628861972844 0.07229628861972827 0.07229628861972827 -0.07509859316171168 -0.3753470627346369 0.016014310278870396 0.01601431027887042 -0.01752308172473423 -0.08758136442416543 -0.393964998856468 0.003736688744323453 -0.004577049993577934 -0.022876357582088763 -0.10290413089500819 -0.49951198620591186 0.7010225558407752 0.07229628861972831 0.016014310278870528 0.0037366887443233947 0.0009760275881762114
0.697234755898051 0.697234755898051 0.6972347558980506 0.6972347558980503 -0.34432617337880156 0.0747596107708711 0.07475961077087108 0.07475961077087113 -0.07074183139257119 -0.3757765873451714 0.015359366173738603 0.015359366173738388 -0.016360040608804555 -0.08690360579851517 -0.3904846451089802 0.003552068830865157 -0.0044617221095428665 -0.023700414238676068 -0.10649325488728316 -0.49951563860945564 0.6972347558980512 0.07475961077087089 0.015359366173738466 0.0035520688308649795 0.0009687227810889128
0.676453561879677 0.676453561879677 0.6764535618796771 0.676453561879677 -0.33832423735055267 0.08090991613701992 0.08090991613701996 0.08090991613701994 -0.07076585526465813 -0.3740340023017616 0.016923586260523878 0.016923586260523846 -0.016470116792788106 -0.08705305234204667 -0.38979932620309343 0.003938812598550753 -0.004514434081714476 -0.023861109872779205 -0.10684340526420479 -0.49946018871450343 0.6764535618796769 0.08090991613701977 0.016923586260523527 0.003938812598550592 0.0010796225709928746
0.6824372541041214 0.682437254104121 0.6824372541041213 0.6824372541041211 -0.3448262966951837 0.08023007608178001 0.08023007608178022 0.08023007608178016 -0.06486312939120266 -0.36023644076739014 0.015091580473512167 0.015091580473512214 -0.017674420387642022 -0.09816008497940895 -0.38848174357416015 0.0041122736461583044 -0.004913367809489357 -0.027287831291588186 -0.10799526386654504 -0.4994284080463828 0.6824372541041211 0.08023007608178025 0.015091580473512117 0.004112273646158106 0.0011431839072343682
0.6974298521885074 0.6974298521885074 0.6974298521885075 0.6974298521885075 -0.34357712872289775 0.07452805633148958 0.07452805633148969 0.07452805633148957 -0.07060002571592768 -0.3720570736991467 0.015314414882967708 0.01531441488296774 -0.017174070940693252 -0.0905061225247439 -0.39397183604096686 0.003725364756573274 -0.004485925347789917 -0.023640504954589418 -0.10290677450410975 -0.4995134610702091 0.6974298521885076 0.0745280563314897 0.015314414882967618 0.003725364756573276 0.0009730778595816248
0.6974298521885074 0.6974298521885074 0.6974298521885075 0.6974298521885075 -0.34357712872289775 0.07452805633148958 0.07452805633148969 0.07452805633148957 -0.07060002571592768 -0.3720570736991467 0.015314414882967708 0.01531441488296774 -0.017174070940693252 -0.0905061225247439 -0.39397183604096686 0.003725364756573274 -0.004485925347789917 -0.023640504954589418 -0.10290677450410975 -0.4995134610702091 0.6974298521885076 0.0745280563314897 0.015314414882967618 0.003725364756573276 0.0009730778595816248
0.7126121434442746 0.7126121434442744 0.7126121434442747 0.7126121434442746 -0.3345669294317697 0.06746339759178283 0.06746339759178253 0.06746339759178256 -0.07973568842115748 -0.3722162914861271 0.016078219264968018 0.016078219264967917 -0.019069030303765406 -0.08901664840985785 -0.39013860890107666 0.0038451546160213953 -0.005209753701857663 -0.024319790057108867 -0.10658780386743939 -0.4994747423393868 0.7126121434442741 0.06746339759178273 0.01607821926496793 0.0038451546160214334 0.0010505153212262742
0.7469269080347989 0.7469269080347992 0.7469269080347992 0.7469269080347992 -0.37186194554920793 0.06299696217394089 0.06299696217394099 0.06299696217394088 -0.05751400522397967 -0.3601590814478293 0.009743421328621804 0.00974342132862174 -0.015922796617035533 -0.0997103189273471 -0.38037358566436763 0.0026974736947211284 -0.004907200049857902 -0.030729431128207002 -0.11722622121165967 -0.4995843367416041 0.7469269080347991 0.06299696217394077 0.009743421328621858 0.002697473694721009 0.0008313265167918419
0.6987655304261198 0.6987655304261198 0.6987655304261196 0.6987655304261199 -0.3461803608160317 0.07461834680348274 0.07461834680348299 0.0746183468034829 -0.07113020270474055 -0.38340395102311353 0.015331944657729801 0.015331944657729838 -0.014669623315402391 -0.07907177718152651 -0.3800865259086472 0.0031620021350859976 -0.004519539718125086 -0.024361091615721316 -0.11710022222347351 -0.49951291202469694 0.6987655304261196 0.07461834680348281 0.015331944657729928 0.0031620021350860024 0.0009741759506062847
0.7010225558407756 0.7010225558407752 0.7010225558407753 0.7010225558407751 -0.3390311210166961 0.07229628861972844 0.07229628861972827 0.07229628861972827 -0.07509859316171168 -0.3753470627346369 0.016014310278870396 0.01601431027887042 -0.01752308172473423 -0.08758136442416543 -0.393964998856468 0.003736688744323453 -0.004577049993577934 -0.022876357582088763 -0.10290413089500819 -0.49951198620591186 0.7010225558407752 0.07229628861972831 0.016014310278870528 0.0037366887443233947 0.0009760275881762114
