1.8149348724534457e-05
0.005146707447520743
0.0032557026591962302
0.0013456965903758148
0.003039324943789998
1.8149348724534457e-05
0.003156126591891168
5.757489214477905e-05
0.0003900273271439999
0.005723039751180883
0.00037231505152600055
1.3059552200030444e-05
0.0020483701965151586
1.7535757628375788e-05
0.0032954792321125536
0.0005154245559025799
0.002766766207292772
0.003039324943789998
0.0027275002748000277
0.0009835770564348742
0.00026264137647528463
0.0003127375352305401
0.003518380843784145
1.7535757628375788e-05
0.003886401066024657
0.0020171822125564873
1.7535757628375788e-05
0.0013477073540023384
0.0001217763371159633
1.3059552200030444e-05
4.0817634949148414e-05
1.7535757628375788e-05
0.004366928418532876
0.00024546797592307025
0.0031348522330080946
1.7535757628375788e-05
5.417398381051586e-05
0.004199422847491222
0.00023088777119693207
0.0009226200362663457
1.8149348724534457e-05
0.0031348522330080946
1.8149348724534457e-05
0.008565755139078124
1.3059552200030444e-05
0.0012224089356374097
0.0035528582384138346
0.0027971361159785796
1.7535757628375788e-05
0.00012789329252290075
1.7535757628375788e-05
0.0025573084412928524
0.000548049817935964
0.0017317804739973982
0.0017330013591943217
0.00026264137647528463
0.002047598829990118
0.004135973198331668
0.0020085195137106537
7.760635393843955e-05
0.00047646290217460524
0.00523025131905104
1.7535757628375788e-05
0.0028250370641401653
0.00955427499685586
0.0005681867775532112
0.0022087436462829577
0.00875569844053396
0.00019477720147764146
0.0035891805729134185
0.0035891805729134185
4.69256785378946e-05
0.006576333141783137
3.942454531426219e-05
0.0005942398963867966
0.0013491917637046145
1.3059552200030444e-05
0.0017514467819679024
0.003039324943789998
1.7535757628375788e-05
0.00046212094516056163
0.0029153174105547163
1.7535757628375788e-05
1.774240945646432e-05
1.7535757628375788e-05
8.626497475386013e-05
0.0033202065214434176
0.0009788569189246193
5.417398381051586e-05
0.004608936407866055
5.417398381051586e-05
4.636793679881157e-05
0.0017637886613176628
0.0011175289540429748
1.7535757628375788e-05
1.7535757628375788e-05
0.0007989923213086023
0.008105203224816821
0.0004835651780575049
5.417398381051586e-05
