0.6985258786333228 0.6985258786333222 0.6985258786333227 0.6985258786333223 -0.3425722344283423 0.07392472243187781 0.07392472243187802 0.07392472243187785 -0.07114000916528479 -0.3701757365299814 0.015351522694537153 0.015351522694536853 -0.017555167151632172 -0.09134799118684371 -0.391618782278363 0.0037882838376999276 -0.00471473134895162 -0.02453301834111813 -0.1051757202707388 -0.49949129676709825 0.6985258786333222 0.07392472243187781 0.01535152269453679 0.003788283837699928 0.0010174064658032965
0.6985258786333228 0.6985258786333222 0.6985258786333227 0.6985258786333223 -0.3425722344283423 0.07392472243187781 0.07392472243187802 0.07392472243187785 -0.07114000916528479 -0.3701757365299814 0.015351522694537153 0.015351522694536853 -0.017555167151632172 -0.09134799118684371 -0.391618782278363 0.0037882838376999276 -0.00471473134895162 -0.02453301834111813 -0.1051757202707388 -0.49949129676709825 0.6985258786333222 0.07392472243187781 0.01535152269453679 0.003788283837699928 0.0010174064658032965
0.7380186093062204 0.7380186093062205 0.7380186093062205 0.7380186093062203 -0.3483738517447258 0.061832767501098805 0.061832767501098854 0.06183276750109875 -0.0715864290134753 -0.35803593258135635 0.012705853206995393 0.012705853206995516 -0.020444503929282244 -0.10225216051922101 -0.39171551053036907 0.003628688696937046 -0.005491349273436928 -0.027464707841130104 -0.10521393385652095 -0.49951267105554686 0.7380186093062208 0.06183276750109897 0.012705853206995665 0.003628688696937364 0.00097465788890657
0.7048201134167235 0.7048201134167237 0.7048201134167233 0.7048201134167232 -0.30579501667213044 0.06403374181636198 0.0640337418163619 0.06403374181636208 -0.10531042621414274 -0.3957282765503328 0.02205209462258087 0.02205209462258084 -0.018187044377334 -0.06834202448627327 -0.3916066005507968 0.0038083828727320033 -0.004884360925169418 -0.01835411554632511 -0.1051709083721487 -0.4994886052921595 0.7048201134167232 0.0640337418163621 0.02205209462258072 0.003808382872732067 0.001022789415680967
0.6836053372391108 0.683605337239111 0.6836053372391108 0.6836053372391109 -0.3465068849934705 0.08018729744315024 0.08018729744315031 0.08018729744315031 -0.06773896922292799 -0.38160849287012344 0.015675893059596064 0.015675893059596047 -0.014303010625256242 -0.0805762235655926 -0.3820288947719645 0.0033099479895229993 -0.004307469389301974 -0.024266193014039962 -0.1150511464455801 -0.4995015909580646 0.6836053372391104 0.0801872974431502 0.015675893059595932 0.00330994798952273 0.0009968180838707914
0.6985258786333228 0.6985258786333222 0.6985258786333227 0.6985258786333223 -0.3425722344283423 0.07392472243187781 0.07392472243187802 0.07392472243187785 -0.07114000916528479 -0.3701757365299814 0.015351522694537153 0.015351522694536853 -0.017555167151632172 -0.09134799118684371 -0.391618782278363 0.0037882838376999276 -0.00471473134895162 -0.02453301834111813 -0.1051757202707388 -0.49949129676709825 0.6985258786333222 0.07392472243187781 0.01535152269453679 0.003788283837699928 0.0010174064658032965
0.6985258786333228 0.6985258786333222 0.6985258786333227 0.6985258786333223 -0.3425722344283423 0.07392472243187781 0.07392472243187802 0.07392472243187785 -0.07114000916528479 -0.3701757365299814 0.015351522694537153 0.015351522694536853 -0.017555167151632172 -0.09134799118684371 -0.391618782278363 0.0037882838376999276 -0.00471473134895162 -0.02453301834111813 -0.1051757202707388 -0.49949129676709825 0.6985258786333222 0.07392472243187781 0.01535152269453679 0.003788283837699928 0.0010174064658032965
0.7283104066725784 0.7283104066725782 0.7283104066725783 0.7283104066725785 -0.34970797557478744 0.06522769467303824 0.06522769467303814 0.06522769467303825 -0.07358502870450978 -0.3814423852974691 0.01372511386666428 0.013725113866664288 -0.015585571320560671 -0.08079085658322445 -0.37690676724763345 0.002907028030262979 -0.004981613985558502 -0.025823170211880554 -0.1204706574019205 -0.4995354135182435 0.7283104066725784 0.0652276946730379 0.013725113866664154 0.002907028030263061 0.0009291729635130559
0.7035520156303564 0.7035520156303569 0.703552015630357 0.7035520156303569 -0.3407672667127383 0.07179267993826575 0.0717926799382656 0.07179267993826584 -0.07623844530186202 -0.3849828108463527 0.01606187811214132 0.01606187811214121 -0.015657967389837203 -0.07906835290268856 -0.38782685544947065 0.003298812858835852 -0.00441415955543851 -0.022290270301924733 -0.10933281295176939 -0.49953501351931906 0.7035520156303573 0.07179267993826577 0.016061878112141426 0.003298812858836014 0.00092997296136184
0.7137060107496471 0.7137060107496473 0.7137060107496471 0.7137060107496469 -0.3451611254573171 0.06922847366629506 0.0692284736662953 0.06922847366629516 -0.07192684621876257 -0.369568259174381 0.014426264756084122 0.014426264756084063 -0.01776152577763732 -0.09126072540366757 -0.38676448762904 0.0035624038423827473 -0.0050587673681132496 -0.025992518066420063 -0.11015672829336871 -0.4994926851292084 0.7137060107496472 0.06922847366629493 0.014426264756084118 0.0035624038423828506 0.0010146297415831152
0.6835982079831721 0.683598207983172 0.6835982079831717 0.6835982079831718 -0.33970103162944826 0.07861490412228256 0.0786149041222824 0.07861490412228252 -0.07030049581721322 -0.369606494791356 0.016269207991242172 0.016269207991242235 -0.01733619896767324 -0.09114547001357466 -0.39148318572785445 0.0040120090691249865 -0.004655164914060687 -0.024474638003056534 -0.10512216628589026 -0.4994613420194269 0.6835982079831721 0.07861490412228248 0.01626920799124239 0.0040120090691248 0.0010773159611462146
0.6733399070125043 0.6733399070125046 0.6733399070125047 0.6733399070125046 -0.3494142933384103 0.08475637962667613 0.08475637962667602 0.08475637962667583 -0.061903606021663074 -0.3705340903316819 0.0150157724863042 0.015015772486304115 -0.015279712592245994 -0.0914592019714658 -0.3923091672508453 0.0037063541639398337 -0.004072539707306989 -0.02437684801849252 -0.10456313569539767 -0.4995060681144733 0.6733399070125043 0.08475637962667608 0.015015772486304004 0.003706354163939839 0.0009878637710533903
0.6985258786333228 0.6985258786333222 0.6985258786333227 0.6985258786333223 -0.3425722344283423 0.07392472243187781 0.07392472243187802 0.07392472243187785 -0.07114000916528479 -0.3701757365299814 0.015351522694537153 0.015351522694536853 -0.017555167151632172 -0.09134799118684371 -0.391618782278363 0.0037882838376999276 -0.00471473134895162 -0.02453301834111813 -0.1051757202707388 -0.49949129676709825 0.6985258786333222 0.07392472243187781 0.01535152269453679 0.003788283837699928 0.0010174064658032965
0.6985258786333228 0.6985258786333222 0.6985258786333227 0.6985258786333223 -0.3425722344283423 0.07392472243187781 0.07392472243187802 0.07392472243187785 -0.07114000916528479 -0.3701757365299814 0.015351522694537153 0.015351522694536853 -0.017555167151632172 -0.09134799118684371 -0.391618782278363 0.0037882838376999276 -0.00471473134895162 -0.02453301834111813 -0.1051757202707388 -0.49949129676709825 0.6985258786333222 0.07392472243187781 0.01535152269453679 0.003788283837699928 0.0010174064658032965
0.6985258786333228 0.6985258786333222 0.6985258786333227 0.6985258786333223 -0.3425722344283423 0.07392472243187781 0.07392472243187802 0.07392472243187785 -0.07114000916528479 -0.3701757365299814 0.015351522694537153 0.015351522694536853 -0.017555167151632172 -0.09134799118684371 -0.391618782278363 0.0037882838376999276 -0.00471473134895162 -0.02453301834111813 -0.1051757202707388 -0.49949129676709825 0.6985258786333222 0.07392472243187781 0.01535152269453679 0.003788283837699928 0.0010174064658032965
0.6985258786333228 0.6985258786333222 0.6985258786333227 0.6985258786333223 -0.3425722344283423 0.07392472243187781 0.07392472243187802 0.07392472243187785 -0.07114000916528479 -0.3701757365299814 0.015351522694537153 0.015351522694536853 -0.017555167151632172 -0.09134799118684371 -0.391618782278363 0.0037882838376999276 -0.00471473134895162 -0.02453301834111813 -0.1051757202707388 -0.49949129676709825 0.6985258786333222 0.07392472243187781 0.01535152269453679 0.003788283837699928 0.0010174064658032965
0.6989963479971034 0.6989963479971032 0.6989963479971032 0.6989963479971032 -0.3434849371269552 0.07395619503553344 0.0739561950355336 0.07395619503553351 -0.07132788863880676 -0.37404705935932003 0.015357701818798183 0.015357701818798171 -0.015874027241408867 -0.08324420255737634 -0.36856974574445206 0.0034178577508659574 -0.0055233731061920845 -0.028964848217749705 -0.12824396672890798 -0.4994053776242529 0.6989963479971034 0.07395619503553358 0.015357701818798202 0.003417857750865914 0.0011892447514943345
0.6997350759102136 0.6997350759102136 0.6997350759102137 0.6997350759102138 -0.34492407974165096 0.07400558167363866 0.07400558167363859 0.07400558167363856 -0.07162413046243284 -0.3802746382369206 0.01536739748848813 0.015367397488488064 -0.015078344642384523 -0.08005559044241072 -0.37417224156145695 0.0032351515347116802 -0.004951751982974917 -0.0262903812138047 -0.12287874982760916 -0.4994687855859787 0.6997350759102137 0.07400558167363853 0.01536739748848798 0.003235151534711763 0.0010624288280426802
0.7366148967486054 0.7366148967486057 0.7366148967486057 0.7366148967486055 -0.36602557673856617 0.0654383211278175 0.06543832112781747 0.06543832112781742 -0.06197731141950285 -0.37328698739289146 0.011080349202495829 0.011080349202495598 -0.015245189766878586 -0.0918211976281417 -0.3917290046175323 0.00272554621048267 -0.004123679950115395 -0.024836767363656052 -0.10595899866917353 -0.4996313827366814 0.7366148967486054 0.06543832112781729 0.011080349202495622 0.002725546210482612 0.0007372345266371498
0.6553401678974976 0.6553401678974974 0.6553401678974972 0.6553401678974973 -0.3282539172357083 0.0863184843105359 0.08631848431053582 0.08631848431053585 -0.072875396657312 -0.36961483002503265 0.01916349951269959 0.019163499512699696 -0.017456068784742203 -0.08853498152631227 -0.3882374923974333 0.004590292211006314 -0.004848342182735503 -0.02459018069159519 -0.10783116373574286 -0.4993625338089537 0.6553401678974973 0.08631848431053576 0.019163499512699685 0.004590292211006398 0.0012749323820926476
0.704043723956826 0.7040437239568265 0.7040437239568264 0.7040437239568266 -0.3599121820529877 0.07564748145493516 0.07564748145493512 0.07564748145493523 -0.05959402063535848 -0.3667636995850425 0.012525659857144232 0.012525659857144282 -0.015459343915181431 -0.09514253455363184 -0.3890541163875552 0.0032492938290068526 -0.004297904788431265 -0.0264508996685146 -0.10816225830507942 -0.4995483263848928 0.7040437239568265 0.07564748145493502 0.012525659857144218 0.003249293829006745 0.0009033472302141782
0.7048201134167235 0.7048201134167237 0.7048201134167233 0.7048201134167232 -0.30579501667213044 0.06403374181636198 0.0640337418163619 0.06403374181636208 -0.10531042621414274 -0.3957282765503328 0.02205209462258087 0.02205209462258084 -0.018187044377334 -0.06834202448627327 -0.3916066005507968 0.0038083828727320033 -0.004884360925169418 -0.01835411554632511 -0.1051709083721487 -0.4994886052921595 0.7048201134167232 0.0640337418163621 0.02205209462258072 0.003808382872732067 0.001022789415680967
0.7193019076502639 0.7193019076502637 0.7193019076502638 0.7193019076502641 -0.3524706860968274 0.06877352064850029 0.06877352064850001 0.06877352064850034 -0.06754439356899364 -0.3680884951136035 0.013179154831989396 0.013179154831989408 -0.017525339795120696 -0.09550572017426151 -0.39646655966270267 0.0034195164755932046 -0.00445116241646974 -0.024256960331000214 -0.1006963100509455 -0.4995657481282361 0.7193019076502637 0.06877352064850012 0.013179154831989417 0.0034195164755931435 0.0008685037435278248
0.6985442705121454 0.6985442705121461 0.6985442705121454 0.6985442705121457 -0.34260785852520825 0.0739259530711395 0.07392595307113912 0.07392595307113917 -0.07114734241809767 -0.3703257237149508 0.015351764315556333 0.015351764315556526 -0.01755697362598032 -0.09138498703265147 -0.39225952750096477 0.0037883427832988135 -0.004679223390032666 -0.02435560808659279 -0.10454364146960009 -0.49949517204562977 0.6985442705121462 0.07392595307113911 0.01535176431555651 0.0037883427832988187 0.0010096559087404994
0.6979897300321567 0.6979897300321567 0.6979897300321567 0.6979897300321568 -0.34153573309737895 0.0738888371263376 0.07388883712633762 0.07388883712633758 -0.07092664273701328 -0.36585083224781334 0.015344476859230426 0.015344476859230365 -0.018361294057041747 -0.09471045650395607 -0.39213558983995783 0.003972335935996177 -0.004893665478442907 -0.02524229991639435 -0.10451226329184635 -0.49947064506514716 0.6979897300321567 0.07388883712633722 0.015344476859230443 0.003972335935996093 0.0010587098697058127
0.6912068323564151 0.6912068323564148 0.6912068323564146 0.691206832356415 -0.32874726060774123 0.07343309065040458 0.07343309065040449 0.0734330906504046 -0.0816145436598122 -0.3800895530713826 0.01823044296059832 0.018230442960598187 -0.016854024442676845 -0.07849138561103725 -0.37421038983091526 0.003764725225193348 -0.005511115250378698 -0.02566598106793926 -0.12236345053737734 -0.49938448426153015 0.6912068323564152 0.07343309065040489 0.018230442960598496 0.003764725225193716 0.0012310314769400747
0.6848402654767942 0.684840265476794 0.684840265476794 0.684840265476794 -0.3420569030878157 0.07870635548417461 0.0787063554841746 0.07870635548417458 -0.07078327958590273 -0.3797133390576282 0.01628703854572842 0.01628703854572865 -0.014890680760332602 -0.07988030712090978 -0.37405299830387867 0.003426304812866988 -0.004889497189472094 -0.026229461463059354 -0.12282387308930533 -0.49943747005182537 0.6848402654767942 0.07870635548417433 0.016287038545728546 0.003426304812866765 0.0011250598963489092
0.7199451682814986 0.7199451682814989 0.7199451682814985 0.7199451682814986 -0.35270892900909767 0.06860094637140042 0.06860094637140028 0.06860094637140023 -0.0681123466086747 -0.37148076001440244 0.01324766982809034 0.013247669828090341 -0.016834306873658403 -0.09181332641013179 -0.39193034402812754 0.003274227806718469 -0.004522826518140347 -0.02466723165515146 -0.10529883805362475 -0.4995601611500314 0.7199451682814982 0.06860094637140036 0.013247669828090402 0.003274227806718659 0.0008796776999373765
0.6694456859065407 0.669445685906541 0.6694456859065413 0.669445685906541 -0.34512081724537425 0.08520569885324841 0.08520569885324862 0.0852056988532485 -0.06631974204877328 -0.38326164854659306 0.01637345441557423 0.016373454415574324 -0.014011811503662902 -0.08097422894179121 -0.3918181573923135 0.00345932824597111 -0.0037640066478079257 -0.021752186429166306 -0.1052544953784833 -0.49953535863255866 0.6694456859065409 0.08520569885324873 0.01637345441557424 0.0034593282459710385 0.0009292827348825509
0.6978831249915632 0.6978831249915634 0.6978831249915631 0.6978831249915634 -0.34133009814834625 0.07388169946088627 0.07388169946088627 0.07388169946088616 -0.07088431187299485 -0.3650016802556562 0.015343075382752265 0.015343075382752359 -0.018350354331320703 -0.09449072703448855 -0.38861402594686717 0.003971977188833056 -0.005098992555388438 -0.026256033262515348 -0.10798374731328717 -0.49944815555737077 0.6978831249915632 0.0738816994608862 0.015343075382752527 0.003971977188833366 0.0011036888852585473
0.7378926975415414 0.7378926975415415 0.7378926975415416 0.7378926975415415 -0.34811080183235554 0.06182632212578111 0.061826322125781166 0.061826322125781236 -0.07153272055991057 -0.35697768686468767 0.012704590034527162 0.012704590034526965 -0.02042918343465698 -0.10195002496697107 -0.3875316589531048 0.003628331178318405 -0.00576415771013485 -0.028765516954774157 -0.1093432641113997 -0.4994881275308109 0.7378926975415416 0.06182632212578113 0.012704590034526944 0.003628331178318553 0.0010237449383780795
0.6957097879873503 0.6957097879873506 0.6957097879873503 0.6957097879873503 -0.317774400380753 0.0694942354798451 0.06949423547984512 0.06949423547984503 -0.09037421916955918 -0.37958977157813795 0.019763981178947145 0.019763981178947267 -0.019263237800934856 -0.0809094463432459 -0.38846744176893894 0.0042126866803569776 -0.005351727892707164 -0.02247832608688599 -0.1079243305309 -0.49941481403480864 0.69570978798735 0.06949423547984501 0.019763981178947284 0.004212686680356914 0.0011703719303827434
0.6978831249915632 0.6978831249915634 0.6978831249915631 0.6978831249915634 -0.34133009814834625 0.07388169946088627 0.07388169946088627 0.07388169946088616 -0.07088431187299485 -0.3650016802556562 0.015343075382752265 0.015343075382752359 -0.018350354331320703 -0.09449072703448855 -0.38861402594686717 0.003971977188833056 -0.005098992555388438 -0.026256033262515348 -0.10798374731328717 -0.49944815555737077 0.6978831249915632 0.0738816994608862 0.015343075382752527 0.003971977188833366 0.0011036888852585473
0.6687855318973887 0.6687855318973892 0.6687855318973887 0.6687855318973888 -0.354151892613979 0.08769644762416107 0.08769644762416094 0.08769644762416112 -0.056011262222111426 -0.358725308005481 0.013869723207094543 0.013869723207094738 -0.015638051999201878 -0.10015423322855997 -0.38867469300891816 0.0038723543109418176 -0.004345639513861848 -0.02783173974742808 -0.108008344265882 -0.49946195805250676 0.6687855318973894 0.08769644762416126 0.01386972320709452 0.003872354310941798 0.0010760838949864379
0.6817217758785187 0.6817217758785187 0.6817217758785188 0.6817217758785188 -0.339897335625726 0.07934462723239823 0.07934462723239831 0.07934462723239825 -0.07030340074410217 -0.37217490102527295 0.016411417626859735 0.016411417626859735 -0.017335087768826436 -0.09176916772647987 -0.40302904313346155 0.004046651541196469 -0.004030784355375717 -0.021338324357546616 -0.09371300471554711 -0.4995295328197517 0.6817217758785185 0.07934462723239798 0.016411417626859732 0.0040466515411963265 0.0009409343604965553
0.6923458430257681 0.6923458430257684 0.6923458430257684 0.6923458430257682 -0.33536254142593136 0.07451166277840313 0.07451166277840328 0.0745116627784033 -0.07730835825429906 -0.38133124546700486 0.017176558525897858 0.017176558525897594 -0.017176798627961034 -0.08472628525353584 -0.40526400195361123 0.0038163827764938494 -0.003886263217184747 -0.019169383832300654 -0.09169127601447401 -0.49956827030670187 0.6923458430257683 0.07451166277840338 0.01717655852589772 0.0038163827764938975 0.0008634593865961445
0.6841632189421183 0.6841632189421185 0.6841632189421185 0.6841632189421184 -0.3608908437972234 0.08330073823204222 0.0833007382320424 0.08330073823204234 -0.05727191545975407 -0.3785532464631132 0.01321948982568612 0.01321948982568592 -0.012959430538228463 -0.08565864199193854 -0.38809274302988156 0.002991292656645749 -0.003650894117332647 -0.024131510348743744 -0.10933238990152741 -0.4995786507466067 0.6841632189421184 0.08330073823204233 0.013219489825685982 0.002991292656645793 0.0008426985067864725
0.6635762375402768 0.6635762375402773 0.6635762375402768 0.6635762375402766 -0.36258037846763463 0.09191156058443722 0.09191156058443703 0.0919115605844371 -0.0494189917351546 -0.3572359311420344 0.01252736475173838 0.01252736475173825 -0.014493223027431638 -0.10476741515085654 -0.3985221072831364 0.003673929493866566 -0.003580686754456428 -0.02588377305857126 -0.09845862636667321 -0.49954616062105045 0.6635762375402765 0.09191156058443713 0.012527364751738526 0.003673929493866372 0.0009076787578991229
0.6986243131502738 0.6986243131502737 0.6986243131502741 0.6986243131502736 -0.34276294973340493 0.07393130861473693 0.07393130861473712 0.07393130861473686 -0.07117926803994584 -0.3709797502243822 0.015352815806158028 0.015352815806157643 -0.017564838185248715 -0.09154630922923296 -0.3950720529125694 0.003788599303546627 -0.0045246335064447266 -0.023581970625712406 -0.10176901313951686 -0.49951203583060294 0.698624313150274 0.07393130861473693 0.015352815806157967 0.0037885993035466406 0.0009759283387941769
0.6958356055950419 0.6958356055950422 0.6958356055950425 0.695835605595042 -0.3179996054011742 0.06950216158826071 0.06950216158826086 0.06950216158826067 -0.09043778726928699 -0.3804507711511247 0.019766130516247378 0.019766130516247395 -0.01837504891420661 -0.07729956404764518 -0.37405369680320816 0.0040160603885537795 -0.0060074642923023435 -0.02527200732879234 -0.12229160517834076 -0.4993435027168469 0.6958356055950414 0.06950216158826074 0.01976613051624723 0.0040160603885536035 0.0013129945663062992
0.6714607052385235 0.671460705238523 0.6714607052385234 0.6714607052385233 -0.33439807975399555 0.081808889511221 0.08180888951122119 0.08180888951122105 -0.06904092557717414 -0.3558572493560095 0.016890531956554974 0.016890531956554884 -0.020287573632958262 -0.10456812519209424 -0.4054401722032972 0.004963257776511236 -0.004534268664703067 -0.023370955145420043 -0.0906157977042039 -0.4994453564379349 0.6714607052385231 0.08180888951122096 0.016890531956554905 0.004963257776511177 0.0011092871241299184
0.6708518656531933 0.6708518656531931 0.6708518656531935 0.6708518656531934 -0.3581954005447498 0.08787286274154985 0.08787286274154986 0.08787286274154985 -0.05664303340330982 -0.3781480024287878 0.013895727002481022 0.01389572700248087 -0.013278018192839969 -0.08864384116021153 -0.40220345857828077 0.0032573770304277095 -0.003141495755772108 -0.020972576384199738 -0.0951588135917613 -0.49961466252088904 0.6708518656531935 0.08787286274154996 0.013895727002480639 0.0032573770304273933 0.0007706749582218403
0.7131632964940574 0.7131632964940572 0.7131632964940575 0.7131632964940577 -0.34135402005725635 0.06864687395093717 0.06864687395093727 0.06864687395093737 -0.07857989528291355 -0.3898419259459036 0.015802550576844508 0.01580255057684468 -0.015513120880363418 -0.07696198753712895 -0.39463964509388305 0.0031197149911443263 -0.004039039057384719 -0.02003803593059673 -0.10274946946002657 -0.4995938711883212 0.713163296494058 0.06864687395093706 0.015802550576844553 0.003119714991144253 0.0008122576233573942
0.7042022000189437 0.7042022000189438 0.7042022000189437 0.7042022000189433 -0.3537864322022503 0.07430340909596515 0.07430340909596538 0.07430340909596518 -0.0619754091595333 -0.3563329459401946 0.013016282597400567 0.013016282597400545 -0.018123777153781932 -0.10420421570992192 -0.39506131561678604 0.003806416260337538 -0.004668552475463568 -0.02684224403547026 -0.10176490625177227 -0.49950974750174715 0.7042022000189435 0.07430340909596544 0.013016282597400682 0.0038064162603379894 0.0009805049965060759
0.6817741932041105 0.68177419320411 0.6817741932041105 0.6817741932041104 -0.33987872897640986 0.07932111820848818 0.079321118208488 0.07932111820848808 -0.06850235098928807 -0.36252331487094486 0.015987123103422558 0.015987123103422655 -0.018131151885351488 -0.09595240439169883 -0.38881403250292323 0.004231459986581979 -0.00501606462013685 -0.026545663724494226 -0.10756714877152246 -0.499414673792806 0.6817741932041104 0.07932111820848795 0.015987123103422485 0.004231459986581905 0.0011706524143876799
0.6997350759102136 0.6997350759102136 0.6997350759102137 0.6997350759102138 -0.34492407974165096 0.07400558167363866 0.07400558167363859 0.07400558167363856 -0.07162413046243284 -0.3802746382369206 0.01536739748848813 0.015367397488488064 -0.015078344642384523 -0.08005559044241072 -0.37417224156145695 0.0032351515347116802 -0.004951751982974917 -0.0262903812138047 -0.12287874982760916 -0.4994687855859787 0.6997350759102137 0.07400558167363853 0.01536739748848798 0.003235151534711763 0.0010624288280426802
0.6985258786333228 0.6985258786333222 0.6985258786333227 0.6985258786333223 -0.3425722344283423 0.07392472243187781 0.07392472243187802 0.07392472243187785 -0.07114000916528479 -0.3701757365299814 0.015351522694537153 0.015351522694536853 -0.017555167151632172 -0.09134799118684371 -0.391618782278363 0.0037882838376999276 -0.00471473134895162 -0.02453301834111813 -0.1051757202707388 -0.49949129676709825 0.6985258786333222 0.07392472243187781 0.01535152269453679 0.003788283837699928 0.0010174064658032965
0.6997350759102136 0.6997350759102136 0.6997350759102137 0.6997350759102138 -0.34492407974165096 0.07400558167363866 0.07400558167363859 0.07400558167363856 -0.07162413046243284 -0.3802746382369206 0.01536739748848813 0.015367397488488064 -0.015078344642384523 -0.08005559044241072 -0.37417224156145695 0.0032351515347116802 -0.004951751982974917 -0.0262903812138047 -0.12287874982760916 -0.4994687855859787 0.6997350759102137 0.07400558167363853 0.01536739748848798 0.003235151534711763 0.0010624288280426802
0.6985258786333228 0.6985258786333222 0.6985258786333227 0.6985258786333223 -0.3425722344283423 0.07392472243187781 0.07392472243187802 0.07392472243187785 -0.07114000916528479 -0.3701757365299814 0.015351522694537153 0.015351522694536853 -0.017555167151632172 -0.09134799118684371 -0.391618782278363 0.0037882838376999276 -0.00471473134895162 -0.02453301834111813 -0.1051757202707388 -0.49949129676709825 0.6985258786333222 0.07392472243187781 0.01535152269453679 0.003788283837699928 0.0010174064658032965
0.6773087316581904 0.6773087316581905 0.677308731658191 0.6773087316581908 -0.35715333085832424 0.08507956264273915 0.08507956264273923 0.08507956264273915 -0.055640050520981005 -0.35938155511498365 0.013254338556408115 0.013254338556408011 -0.015613688451829926 -0.10084950650401632 -0.39166051531565593 0.0037194271198009174 -0.004193525444362571 -0.02708616691570036 -0.10519220628716346 -0.4995005180129776 0.6773087316581899 0.08507956264273912 0.013254338556407792 0.003719427119800849 0.0009989639740446974
0.6985258786333228 0.6985258786333222 0.6985258786333227 0.6985258786333223 -0.3425722344283423 0.07392472243187781 0.07392472243187802 0.07392472243187785 -0.07114000916528479 -0.3701757365299814 0.015351522694537153 0.015351522694536853 -0.017555167151632172 -0.09134799118684371 -0.391618782278363 0.0037882838376999276 -0.00471473134895162 -0.02453301834111813 -0.1051757202707388 -0.49949129676709825 0.6985258786333222 0.07392472243187781 0.01535152269453679 0.003788283837699928 0.0010174064658032965
0.6537411199810372 0.6537411199810376 0.6537411199810377 0.6537411199810375 -0.3254184104655936 0.08618014906927979 0.08618014906927984 0.08618014906927977 -0.07225304624670234 -0.35831757240051576 0.01913468352125955 0.019134683521259393 -0.020536241817810524 -0.10184340587195165 -0.4083476178910559 0.005438587136632884 -0.0043949908790769645 -0.021795654914482262 -0.0873910656119912 -0.4994180400417802 0.6537411199810375 0.08618014906928001 0.019134683521259348 0.005438587136632988 0.0011639199164396824
0.6978831249915632 0.6978831249915634 0.6978831249915631 0.6978831249915634 -0.34133009814834625 0.07388169946088627 0.07388169946088627 0.07388169946088616 -0.07088431187299485 -0.3650016802556562 0.015343075382752265 0.015343075382752359 -0.018350354331320703 -0.09449072703448855 -0.38861402594686717 0.003971977188833056 -0.005098992555388438 -0.026256033262515348 -0.10798374731328717 -0.49944815555737077 0.6978831249915632 0.0738816994608862 0.015343075382752527 0.003971977188833366 0.0011036888852585473
0.698122409444259 0.6981224094442592 0.6981224094442592 0.6981224094442594 -0.3417918757696652 0.0738977194637035 0.07389771946370362 0.07389771946370369 -0.07097937065931978 -0.3669126369037504 0.015346220880414901 0.015346220880415005 -0.017515595397756004 -0.09054311463504006 -0.37805842844200954 0.0037869904076226596 -0.005492453437634865 -0.028392060328996233 -0.11854968488191407 -0.4994062471754371 0.6981224094442597 0.0738977194637038 0.015346220880414992 0.0037869904076227976 0.001187505649125844
0.6985442705121454 0.6985442705121461 0.6985442705121454 0.6985442705121457 -0.34260785852520825 0.0739259530711395 0.07392595307113912 0.07392595307113917 -0.07114734241809767 -0.3703257237149508 0.015351764315556333 0.015351764315556526 -0.01755697362598032 -0.09138498703265147 -0.39225952750096477 0.0037883427832988135 -0.004679223390032666 -0.02435560808659279 -0.10454364146960009 -0.49949517204562977 0.6985442705121462 0.07392595307113911 0.01535176431555651 0.0037883427832988187 0.0010096559087404994
0.7370701506419954 0.7370701506419958 0.7370701506419955 0.7370701506419955 -0.3465639874640767 0.061813666540064635 0.06181366654006459 0.06181366654006469 -0.07261782804566352 -0.3578143591488061 0.012952223456696357 0.012952223456696202 -0.019722468424047356 -0.09717975034375183 -0.37229130975212854 0.003517728704103841 -0.006594427288890988 -0.03249313340581037 -0.1244797517055726 -0.49941190408668684 0.7370701506419954 0.06181366654006479 0.012952223456696397 0.0035177287041037323 0.0011761918266261432
0.6985442705121454 0.6985442705121461 0.6985442705121454 0.6985442705121457 -0.34260785852520825 0.0739259530711395 0.07392595307113912 0.07392595307113917 -0.07114734241809767 -0.3703257237149508 0.015351764315556333 0.015351764315556526 -0.01755697362598032 -0.09138498703265147 -0.39225952750096477 0.0037883427832988135 -0.004679223390032666 -0.02435560808659279 -0.10454364146960009 -0.49949517204562977 0.6985442705121462 0.07392595307113911 0.01535176431555651 0.0037883427832988187 0.0010096559087404994
0.6985258786333228 0.6985258786333222 0.6985258786333227 0.6985258786333223 -0.3425722344283423 0.07392472243187781 0.07392472243187802 0.07392472243187785 -0.07114000916528479 -0.3701757365299814 0.015351522694537153 0.015351522694536853 -0.017555167151632172 -0.09134799118684371 -0.391618782278363 0.0037882838376999276 -0.00471473134895162 -0.02453301834111813 -0.1051757202707388 -0.49949129676709825 0.6985258786333222 0.07392472243187781 0.01535152269453679 0.003788283837699928 0.0010174064658032965
0.6980023039527194 0.69800230395272 0.6980023039527196 0.6980023039527193 -0.3415599974537655 0.07388967895150325 0.07388967895150322 0.07388967895150318 -0.07093163765363167 -0.36595122213811077 0.01534464215014129 0.015344642150141257 -0.017503836813146018 -0.09030597185921273 -0.3741967488876381 0.0037866052587669074 -0.005723514118338516 -0.02952881190701547 -0.1223571950628699 -0.49938091605599155 0.6980023039527198 0.07388967895150325 0.015344642150141178 0.003786605258766902 0.0012381678880171365
0.6985258786333228 0.6985258786333222 0.6985258786333227 0.6985258786333223 -0.3425722344283423 0.07392472243187781 0.07392472243187802 0.07392472243187785 -0.07114000916528479 -0.3701757365299814 0.015351522694537153 0.015351522694536853 -0.017555167151632172 -0.09134799118684371 -0.391618782278363 0.0037882838376999276 -0.00471473134895162 -0.02453301834111813 -0.1051757202707388 -0.49949129676709825 0.6985258786333222 0.07392472243187781 0.01535152269453679 0.003788283837699928 0.0010174064658032965
0.6917382935271864 0.6917382935271865 0.6917382935271866 0.6917382935271861 -0.3297280377205449 0.07346891774733952 0.07346891774733957 0.07346891774733948 -0.08185597685048629 -0.384077752832615 0.01823887975050973 0.01823887975050956 -0.016903771097416937 -0.07931445775000007 -0.3922727868228544 0.003766442723407481 -0.004505206225324543 -0.02113895099231043 -0.10454884836258445 -0.49949808237738696 0.691738293527186 0.07346891774733952 0.01823887975050958 0.0037664427234075297 0.0010038352452262274
0.6985442705121454 0.6985442705121461 0.6985442705121454 0.6985442705121457 -0.34260785852520825 0.0739259530711395 0.07392595307113912 0.07392595307113917 -0.07114734241809767 -0.3703257237149508 0.015351764315556333 0.015351764315556526 -0.01755697362598032 -0.09138498703265147 -0.39225952750096477 0.0037883427832988135 -0.004679223390032666 -0.02435560808659279 -0.10454364146960009 -0.49949517204562977 0.6985442705121462 0.07392595307113911 0.01535176431555651 0.0037883427832988187 0.0010096559087404994
0.6953502951824161 0.6953502951824164 0.6953502951824165 0.6953502951824163 -0.33648860591323954 0.0737118795923254 0.07371187959232536 0.07371187959232531 -0.0738509486110016 -0.3654285496349937 0.01617793927083753 0.01617793927083747 -0.019544115665535804 -0.09670800410668354 -0.4014000191326699 0.0042813737979818375 -0.004631909344719793 -0.02291956901999054 -0.0951308583825989 -0.49949266225081557 0.6953502951824163 0.07371187959232542 0.016177939270837417 0.00428137379798194 0.001014675498369095
0.704636140950459 0.704636140950459 0.7046361409504588 0.7046361409504589 -0.34780810145918 0.0728957380167222 0.07289573801672208 0.07289573801672213 -0.07043613585676592 -0.38011401347758483 0.014762433896116733 0.014762433896116941 -0.016808080362544654 -0.09070609578090474 -0.42143649906457054 0.0035227397450828773 -0.0030289528102021646 -0.01634597632756978 -0.07594628539544726 -0.49968258682073363 0.704636140950459 0.07289573801672224 0.014762433896116997 0.0035227397450828097 0.0006348263585328812
0.6771721005037996 0.6771721005037997 0.6771721005037994 0.6771721005037996 -0.3568835724359565 0.08506845894011673 0.0850684589401165 0.0850684589401164 -0.055598505820540975 -0.3581265984317378 0.013252723226354835 0.013252723226354913 -0.015602048087805347 -0.10049745632174573 -0.38666881157584027 0.0037189780915941983 -0.004443217709682029 -0.02862009366935646 -0.11011719113456592 -0.49947044678924535 0.6771721005037996 0.08506845894011639 0.01325272322635483 0.0037189780915941563 0.0010591064215091227
0.7052991024402929 0.705299102440293 0.7052991024402927 0.7052991024402927 -0.306630160798058 0.06406089508225007 0.06406089508224987 0.0640608950822498 -0.1055962684524488 -0.39889994062038564 0.022061076629916108 0.022061076629915983 -0.01644651960093651 -0.062128290974409944 -0.3685583342601754 0.00343599195813509 -0.0057225045801037175 -0.02161730495459 -0.12823848492049394 -0.49940222976670073 0.7052991024402927 0.06406089508224978 0.022061076629916014 0.003435991958134991 0.0011955404665985308
0.6985258786333228 0.6985258786333222 0.6985258786333227 0.6985258786333223 -0.3425722344283423 0.07392472243187781 0.07392472243187802 0.07392472243187785 -0.07114000916528479 -0.3701757365299814 0.015351522694537153 0.015351522694536853 -0.017555167151632172 -0.09134799118684371 -0.391618782278363 0.0037882838376999276 -0.00471473134895162 -0.02453301834111813 -0.1051757202707388 -0.49949129676709825 0.6985258786333222 0.07392472243187781 0.01535152269453679 0.003788283837699928 0.0010174064658032965
0.6983805541977177 0.698380554197718 0.6983805541977182 0.6983805541977182 -0.342290908142935 0.07391499763036305 0.0739149976303629 0.07391499763036305 -0.07108209775802658 -0.36899442914762953 0.01534961333285473 0.015349613332854607 -0.017540901242462315 -0.09105660981940258 -0.38662674633360056 0.0037878180311747703 -0.004995127543502509 -0.025930217235690545 -0.11009981089173197 -0.4994606709793368 0.6983805541977183 0.07391499763036298 0.015349613332854903 0.00378781803117486 0.0010786580413266217
0.6985258786333228 0.6985258786333222 0.6985258786333227 0.6985258786333223 -0.3425722344283423 0.07392472243187781 0.07392472243187802 0.07392472243187785 -0.07114000916528479 -0.3701757365299814 0.015351522694537153 0.015351522694536853 -0.017555167151632172 -0.09134799118684371 -0.391618782278363 0.0037882838376999276 -0.00471473134895162 -0.02453301834111813 -0.1051757202707388 -0.49949129676709825 0.6985258786333222 0.07392472243187781 0.01535152269453679 0.003788283837699928 0.0010174064658032965
0.6985258786333228 0.6985258786333222 0.6985258786333227 0.6985258786333223 -0.3425722344283423 0.07392472243187781 0.07392472243187802 0.07392472243187785 -0.07114000916528479 -0.3701757365299814 0.015351522694537153 0.015351522694536853 -0.017555167151632172 -0.09134799118684371 -0.391618782278363 0.0037882838376999276 -0.00471473134895162 -0.02453301834111813 -0.1051757202707388 -0.49949129676709825 0.6985258786333222 0.07392472243187781 0.01535152269453679 0.003788283837699928 0.0010174064658032965
0.7034138999510773 0.7034138999510774 0.7034138999510771 0.7034138999510771 -0.3654990776470108 0.07705416826305557 0.07705416826305539 0.0770541682630553 -0.05628338983857306 -0.3705311263301044 0.011865610766944215 0.011865610766943972 -0.014569190677750426 -0.09591353056430992 -0.40231423653567616 0.003071462935466388 -0.0034474667641503855 -0.022695749967618466 -0.09519849042262854 -0.4996366041662318 0.7034138999510776 0.07705416826305567 0.01186561076694434 0.003071462935466334 0.0007267916675366283
0.7001334772754153 0.7001334772754153 0.7001334772754156 0.7001334772754155 -0.3457032907041251 0.07403220031793492 0.07403220031793502 0.07403220031793487 -0.0717845253779965 -0.38371118354764355 0.01537262301347354 0.015372623013473571 -0.015602577476500911 -0.08340075299483804 -0.402153461678706 0.0033412847730311455 -0.0036912362135630484 -0.019730834867291384 -0.09514091010884829 -0.4996047617333542 0.7001334772754155 0.0740322003179352 0.015372623013473615 0.003341284773031192 0.0007904765332916719
0.7187219516987292 0.718721951698729 0.7187219516987293 0.7187219516987297 -0.345563482533292 0.06761962793916325 0.0676196279391633 0.06761962793916326 -0.06930178883854855 -0.353131767601498 0.013560927047115395 0.013560927047115536 -0.020400313825243686 -0.10395112451594342 -0.3865020283140831 0.003991919576086272 -0.005808558564809356 -0.029597887552175038 -0.11004829073275896 -0.4994316925993802 0.7187219516987293 0.06761962793916307 0.013560927047115387 0.003991919576086139 0.0011366148012395662
0.7008999858152292 0.7008999858152293 0.7008999858152293 0.700899985815229 -0.3472085526735557 0.07408338217395205 0.07408338217395212 0.07408338217395206 -0.07209436751457995 -0.39048268710624046 0.015382669983344418 0.015382669983344427 -0.013561458135297513 -0.07345254277567317 -0.37775848202211226 0.0028935885309769004 -0.004295058856596045 -0.02326320600931719 -0.1196401520895717 -0.49954178477995037 0.7008999858152293 0.07408338217395183 0.015382669983344402 0.002893588530976856 0.0009164304400991773
0.6985258786333228 0.6985258786333222 0.6985258786333227 0.6985258786333223 -0.3425722344283423 0.07392472243187781 0.07392472243187802 0.07392472243187785 -0.07114000916528479 -0.3701757365299814 0.015351522694537153 0.015351522694536853 -0.017555167151632172 -0.09134799118684371 -0.391618782278363 0.0037882838376999276 -0.00471473134895162 -0.02453301834111813 -0.1051757202707388 -0.49949129676709825 0.6985258786333222 0.07392472243187781 0.01535152269453679 0.003788283837699928 0.0010174064658032965
0.7199852761698238 0.719985276169824 0.7199852761698238 0.7199852761698238 -0.34811211040119566 0.06769340963087885 0.06769340963087875 0.06769340963087868 -0.06980905213680158 -0.36353313082710037 0.013574973754270305 0.013574973754270239 -0.017997134594453762 -0.09372072080591057 -0.37643804543759024 0.0034996984243963027 -0.005756387170682454 -0.029976591664792766 -0.12040378561048909 -0.49944031037258396 0.7199852761698238 0.06769340963087882 0.01357497375427037 0.003499698424396473 0.0011193792548321348
0.6696164775657514 0.6696164775657514 0.6696164775657516 0.6696164775657516 -0.3557715039179274 0.08776743597576202 0.08776743597576193 0.08776743597576206 -0.0562643222175881 -0.36631355662249593 0.013880187827215566 0.01388018782721585 -0.014974025122631698 -0.0974896378990086 -0.40100448469507344 0.00369403332413386 -0.0035844750414124266 -0.023337023344322288 -0.0959922636106335 -0.49955786202627356 0.6696164775657516 0.08776743597576211 0.01388018782721555 0.003694033324133775 0.000884275947453248
0.6694975800465331 0.6694975800465336 0.6694975800465336 0.6694975800465336 -0.3562119087349277 0.08792331844198308 0.08792331844198314 0.08792331844198298 -0.056372915789294396 -0.36908665123182655 0.013914452899814734 0.01391445289981446 -0.0140275649271876 -0.09184174512569511 -0.3863136455074474 0.0034624054609485467 -0.004019210423353585 -0.02631470973217465 -0.11068748131031077 -0.4995039717801787 0.6694975800465338 0.08792331844198309 0.013914452899814722 0.003462405460948448 0.0009920564396423911
0.7070159935701901 0.7070159935701904 0.7070159935701905 0.7070159935701905 -0.34491410713885895 0.07146536846600417 0.07146536846600422 0.07146536846600442 -0.07601667075495952 -0.3961584959369106 0.015750470255120816 0.01575047025512081 -0.013478911435417698 -0.07024492427897455 -0.3837393733534241 0.002792797836665479 -0.003997627657327264 -0.020833511180035496 -0.11381090672442068 -0.49958585061090904 0.7070159935701905 0.07146536846600451 0.015750470255120805 0.0027927978366654497 0.0008282987781819011
0.6985258786333228 0.6985258786333222 0.6985258786333227 0.6985258786333223 -0.3425722344283423 0.07392472243187781 0.07392472243187802 0.07392472243187785 -0.07114000916528479 -0.3701757365299814 0.015351522694537153 0.015351522694536853 -0.017555167151632172 -0.09134799118684371 -0.391618782278363 0.0037882838376999276 -0.00471473134895162 -0.02453301834111813 -0.1051757202707388 -0.49949129676709825 0.6985258786333222 0.07392472243187781 0.01535152269453679 0.003788283837699928 0.0010174064658032965
0.719996403697245 0.719996403697245 0.7199964036972454 0.7199964036972453 -0.3528141721634586 0.06860397949563106 0.06860397949563107 0.06860397949563116 -0.06813251428836105 -0.3719432404688795 0.013248225218852591 0.013248225218852607 -0.01673219655871256 -0.09134298760603504 -0.3914087138494709 0.00325354070272152 -0.004524163386271621 -0.02469792885051328 -0.10583170990442177 -0.49956014293546736 0.7199964036972456 0.06860397949563117 0.013248225218852631 0.003253540702721478 0.0008797141290652927
0.7246642878461499 0.7246642878461502 0.7246642878461501 0.72466428784615 -0.3329023314594614 0.06324300924397662 0.0632430092439765 0.0632430092439765 -0.08258903716759071 -0.36996588719097817 0.015689824754733152 0.015689824754733194 -0.020375321747499345 -0.09127330025435124 -0.3915687735181098 0.0038707949445016343 -0.005471801662745986 -0.024511485133105675 -0.10515596723172056 -0.4994802481532329 0.7246642878461501 0.06324300924397668 0.015689824754733288 0.0038707949445017324 0.001039503693534267
0.6928951597306249 0.6928951597306248 0.692895159730625 0.6928951597306249 -0.3330031431919126 0.07379678993493811 0.07379678993493798 0.07379678993493789 -0.0798040876218217 -0.3846401813511232 0.017685375080027054 0.017685375080027 -0.01643046042003665 -0.07919162368717222 -0.39205906983370914 0.003641152526458297 -0.004394671559337595 -0.021181462202444917 -0.1048644286119571 -0.499513048659558 0.6928951597306247 0.0737967899349378 0.017685375080027065 0.003641152526458285 0.00097390268088433
0.670012034467988 0.6700120344679881 0.6700120344679878 0.670012034467988 -0.3461958328041898 0.08525254224233882 0.08525254224233865 0.08525254224233872 -0.06652400143587012 -0.3882571080185396 0.016381884774877186 0.0163818847748774 -0.012476024805400129 -0.07281440090734423 -0.36934877747609207 0.003072286639395647 -0.004316662926848172 -0.025193539596150887 -0.12779344379931998 -0.49946849954036676 0.6700120344679881 0.08525254224233879 0.01638188477487731 0.003072286639395863 0.0010630009192664194
0.6985258786333228 0.6985258786333222 0.6985258786333227 0.6985258786333223 -0.3425722344283423 0.07392472243187781 0.07392472243187802 0.07392472243187785 -0.07114000916528479 -0.3701757365299814 0.015351522694537153 0.015351522694536853 -0.017555167151632172 -0.09134799118684371 -0.391618782278363 0.0037882838376999276 -0.00471473134895162 -0.02453301834111813 -0.1051757202707388 -0.49949129676709825 0.6985258786333222 0.07392472243187781 0.01535152269453679 0.003788283837699928 0.0010174064658032965
0.6985442705121454 0.6985442705121461 0.6985442705121454 0.6985442705121457 -0.34260785852520825 0.0739259530711395 0.07392595307113912 0.07392595307113917 -0.07114734241809767 -0.3703257237149508 0.015351764315556333 0.015351764315556526 -0.01755697362598032 -0.09138498703265147 -0.39225952750096477 0.0037883427832988135 -0.004679223390032666 -0.02435560808659279 -0.10454364146960009 -0.49949517204562977 0.6985442705121462 0.07392595307113911 0.01535176431555651 0.0037883427832988187 0.0010096559087404994
0.6693757821934027 0.6693757821934029 0.6693757821934023 0.6693757821934028 -0.3553014748099756 0.08774687949543841 0.08774687949543822 0.08774687949543847 -0.05619088231043618 -0.3640857842311308 0.013877157648932052 0.013877157648932442 -0.014954512836277167 -0.09689695747630606 -0.3916763899828863 0.003693234981531135 -0.004016560677251294 -0.026025087771532094 -0.10519847777298968 -0.4995040258896738 0.6693757821934024 0.08774687949543845 0.013877157648932367 0.0036932349815311156 0.0009919482206523457
0.677691867834139 0.6776918678341394 0.6776918678341393 0.6776918678341394 -0.3602270109354482 0.08566141971081703 0.08566141971081687 0.08566141971081716 -0.05335703337536084 -0.357133818961026 0.012688219072250245 0.012688219072250317 -0.01564638501122413 -0.10472571052972755 -0.39849408729362995 0.0037206858806145262 -0.0038654506596905026 -0.025872562036744085 -0.09844825060273621 -0.4995404009398526 0.6776918678341389 0.08566141971081699 0.012688219072250382 0.0037206858806146034 0.0009191981202946685
0.6968851198061708 0.696885119806171 0.696885119806171 0.6968851198061704 -0.319885772277982 0.06956823641658448 0.06956823641658455 0.06956823641658444 -0.09097018356165393 -0.3877681376683493 0.019784047261025242 0.01978404726102522 -0.016668652716637356 -0.07105154863175964 -0.36843935043297377 0.003625071426837901 -0.005799082440923578 -0.024719081684364458 -0.1281813355862003 -0.4993694125009431 0.6968851198061706 0.06956823641658455 0.019784047261025534 0.0036250714268380464 0.0012611749981140728
0.6595944544381618 0.659594454438162 0.6595944544381622 0.6595944544381619 -0.3358913526273412 0.0866739239325531 0.08667392393255306 0.08667392393255305 -0.06727070871754258 -0.36337838532602856 0.01735863768050655 0.017358637680506536 -0.0175489097984192 -0.09479451946250712 -0.39036442898725554 0.004528347815655149 -0.004755870314829651 -0.025689940075986385 -0.10579133525167227 -0.49938639393560397 0.659594454438162 0.08667392393255288 0.017358637680506463 0.004528347815655005 0.0012272121287920836
0.6692423325534904 0.6692423325534904 0.6692423325534904 0.6692423325534905 -0.3550411863915417 0.08773548006911343 0.08773548006911351 0.08773548006911362 -0.056150213113986346 -0.36286118816358415 0.013875477247041695 0.013875477247041815 -0.014943707405499489 -0.09657116374110003 -0.3866848126585788 0.003692792254777672 -0.00425581205579369 -0.02750246051660156 -0.11012380280539123 -0.49947416563470587 0.6692423325534901 0.0877354800691134 0.01387547724704188 0.0036927922547778428 0.0010516687305883482
0.702342748085656 0.702342748085656 0.7023427480856559 0.7023427480856563 -0.36327889847981176 0.07697993529135382 0.07697993529135383 0.07697993529135395 -0.05594476538886143 -0.3598136875711953 0.011854870837657237 0.011854870837657431 -0.015611511536279496 -0.10040681188641427 -0.3875206557134683 0.003308128143121079 -0.004416407769083965 -0.028404515671249787 -0.1096273881357595 -0.4995320746873723 0.7023427480856561 0.07697993529135379 0.011854870837657112 0.0033081281431209444 0.0009358506252551413
0.6985258786333228 0.6985258786333222 0.6985258786333227 0.6985258786333223 -0.3425722344283423 0.07392472243187781 0.07392472243187802 0.07392472243187785 -0.07114000916528479 -0.3701757365299814 0.015351522694537153 0.015351522694536853 -0.017555167151632172 -0.09134799118684371 -0.391618782278363 0.0037882838376999276 -0.00471473134895162 -0.02453301834111813 -0.1051757202707388 -0.49949129676709825 0.6985258786333222 0.07392472243187781 0.01535152269453679 0.003788283837699928 0.0010174064658032965
0.6983805541977177 0.698380554197718 0.6983805541977182 0.6983805541977182 -0.342290908142935 0.07391499763036305 0.0739149976303629 0.07391499763036305 -0.07108209775802658 -0.36899442914762953 0.01534961333285473 0.015349613332854607 -0.017540901242462315 -0.09105660981940258 -0.38662674633360056 0.0037878180311747703 -0.004995127543502509 -0.025930217235690545 -0.11009981089173197 -0.4994606709793368 0.6983805541977183 0.07391499763036298 0.015349613332854903 0.00378781803117486 0.0010786580413266217
0.7159240945307516 0.7159240945307515 0.7159240945307513 0.7159240945307515 -0.34890581253171576 0.06922223694915336 0.06922223694915323 0.06922223694915308 -0.0677822870530583 -0.35936637090318185 0.013447874374164587 0.013447874374164488 -0.019372583518748068 -0.10270906068279644 -0.399359031249267 0.003843483021739686 -0.004729414339924624 -0.025074286243924257 -0.09749522191198168 -0.4995308466808084 0.7159240945307512 0.0692222369491531 0.01344787437416448 0.003843483021739925 0.0009383066383831308
0.6985442705121454 0.6985442705121461 0.6985442705121454 0.6985442705121457 -0.34260785852520825 0.0739259530711395 0.07392595307113912 0.07392595307113917 -0.07114734241809767 -0.3703257237149508 0.015351764315556333 0.015351764315556526 -0.01755697362598032 -0.09138498703265147 -0.39225952750096477 0.0037883427832988135 -0.004679223390032666 -0.02435560808659279 -0.10454364146960009 -0.49949517204562977 0.6985442705121462 0.07392595307113911 0.01535176431555651 0.0037883427832988187 0.0010096559087404994
0.6985442705121454 0.6985442705121461 0.6985442705121454 0.6985442705121457 -0.34260785852520825 0.0739259530711395 0.07392595307113912 0.07392595307113917 -0.07114734241809767 -0.3703257237149508 0.015351764315556333 0.015351764315556526 -0.01755697362598032 -0.09138498703265147 -0.39225952750096477 0.0037883427832988135 -0.004679223390032666 -0.02435560808659279 -0.10454364146960009 -0.49949517204562977 0.6985442705121462 0.07392595307113911 0.01535176431555651 0.0037883427832988187 0.0010096559087404994
0.698122409444259 0.6981224094442592 0.6981224094442592 0.6981224094442594 -0.3417918757696652 0.0738977194637035 0.07389771946370362 0.07389771946370369 -0.07097937065931978 -0.3669126369037504 0.015346220880414901 0.015346220880415005 -0.017515595397756004 -0.09054311463504006 -0.37805842844200954 0.0037869904076226596 -0.005492453437634865 -0.028392060328996233 -0.11854968488191407 -0.4994062471754371 0.6981224094442597 0.0738977194637038 0.015346220880414992 0.0037869904076227976 0.001187505649125844
0.6731877904610019 0.6731877904610017 0.6731877904610016 0.6731877904610019 -0.3491216153637236 0.0847439660460185 0.0847439660460184 0.08474396604601864 -0.06185233646161398 -0.36920317887862114 0.015013714620646332 0.015013714620646332 -0.015267081001753504 -0.09113083127495154 -0.38667683246236695 0.0037058518782531677 -0.004347865023001465 -0.02595286903710705 -0.11012050534578538 -0.499472310923089 0.6731877904610016 0.08474396604601864 0.015013714620646153 0.0037058518782531573 0.0010553781538219825
0.7001334772754153 0.7001334772754153 0.7001334772754156 0.7001334772754155 -0.3457032907041251 0.07403220031793492 0.07403220031793502 0.07403220031793487 -0.0717845253779965 -0.38371118354764355 0.01537262301347354 0.015372623013473571 -0.015602577476500911 -0.08340075299483804 -0.402153461678706 0.0033412847730311455 -0.0036912362135630484 -0.019730834867291384 -0.09514091010884829 -0.4996047617333542 0.7001334772754155 0.0740322003179352 0.015372623013473615 0.003341284773031192 0.0007904765332916719
