175.358347351539
349.220443027669
529.979696396161
707.738176919714
875.989485122823
175.358347351539
349.220443027669
529.979696396161
707.738176919714
875.989485122823
162.704716095447
395.484270897761
611.857107258188
707.738176919714
875.989485122823
175.358347351539
401.560916916089
373.341998750405
707.738176919714
875.989485122823
175.358347351539
319.71560132595
512.592134633398
799.358835052101
882.720809183953
175.358347351539
349.220443027669
529.979696396161
707.738176919714
875.989485122823
175.358347351539
349.220443027669
529.979696396161
707.738176919714
875.989485122823
152.235424886166
349.220443027669
526.468309820857
819.706134817457
853.163482316544
169.921948508211
349.220443027669
493.255134126507
790.495037420496
932.478111524754
162.874134257308
349.220443027669
529.979696396161
707.738176919714
826.195779113232
188.060213587082
349.220443027669
529.979696396161
707.738176919714
875.989485122823
175.358347351539
301.033751409952
529.979696396161
707.738176919714
882.720809183953
175.358347351539
349.220443027669
529.979696396161
707.738176919714
875.989485122823
175.358347351539
349.220443027669
529.979696396161
707.738176919714
875.989485122823
175.358347351539
349.220443027669
529.979696396161
707.738176919714
875.989485122823
175.358347351539
349.220443027669
529.979696396161
707.738176919714
875.989485122823
175.358347351539
349.220443027669
529.979696396161
784.463937063688
749.84037030084
175.358347351539
349.220443027669
529.979696396161
829.131090216273
839.759931013813
123.234567136191
283.690262507984
529.979696396161
712.252996382765
875.989485122823
210.275181112053
349.220443027669
491.919549268012
674.764817357847
807.139725513867
142.816182463513
279.673008186212
529.979696396161
674.764817357847
807.139725513867
175.358347351539
401.560916916089
373.341998750405
707.738176919714
875.989485122823
148.300968964468
321.400263941105
529.979696396161
674.306171834873
882.720809183953
175.358347351539
349.220443027669
529.979696396161
707.738176919714
882.720809183953
175.358347351539
349.220443027669
529.979696396161
674.764817357847
841.46873697119
175.358347351539
349.220443027669
444.778809909313
707.738176919714
719.644261134054
188.060213587082
349.220443027669
529.979696396161
829.131090216273
839.759931013813
148.984402616614
323.809671624473
529.979696396161
707.738176919714
875.989485122823
164.280241485683
279.673008186212
454.358727678524
707.738176919714
875.989485122823
175.358347351539
349.220443027669
529.979696396161
674.764817357847
807.139725513867
162.704716095447
395.484270897761
611.857107258188
707.738176919714
833.946112303989
186.282931461361
392.064989005552
438.159646317984
674.764817357847
807.139725513867
175.358347351539
349.220443027669
529.979696396161
674.764817357847
807.139725513867
175.358347351539
290.547565768274
570.800885038055
674.764817357847
807.139725513867
189.987612346993
349.220443027669
529.979696396161
707.738176919714
1011.44531531722
177.58245886134
349.220443027669
478.026216249782
707.738176919714
1039.6374970154
164.991952884419
290.547565768274
570.800885038055
832.363065295255
982.758681627432
175.358347351539
276.994171327143
628.172758107833
707.738176919714
952.250899412177
175.358347351539
349.220443027669
529.979696396161
707.738176919714
913.258008007294
186.282931461361
392.064989005552
438.159646317984
707.738176919714
719.644261134054
197.21794728867
349.220443027669
529.979696396161
594.142273026308
882.720809183953
175.358347351539
290.547565768274
570.800885038055
803.148210204402
1128.73874371757
178.249946854835
385.045304230806
529.979696396161
883.677329574784
1128.73874371757
175.358347351539
349.220443027669
626.598927640468
707.738176919714
913.258008007294
175.358347351539
322.433316217767
501.966452270138
624.854839766441
750.575604158825
175.358347351539
349.220443027669
529.979696396161
829.131090216273
839.759931013813
175.358347351539
349.220443027669
529.979696396161
707.738176919714
875.989485122823
175.358347351539
349.220443027669
529.979696396161
829.131090216273
839.759931013813
175.358347351539
349.220443027669
529.979696396161
707.738176919714
875.989485122823
175.358347351539
301.033751409952
601.475599109195
707.738176919714
875.989485122823
175.358347351539
349.220443027669
529.979696396161
707.738176919714
875.989485122823
210.275181112053
349.220443027669
491.919549268012
569.156875647107
882.720809183953
175.358347351539
349.220443027669
529.979696396161
674.764817357847
807.139725513867
175.358347351539
349.220443027669
529.979696396161
707.738176919714
750.384314931938
175.358347351539
349.220443027669
529.979696396161
707.738176919714
882.720809183953
143.73602872299
349.220443027669
529.979696396161
644.400769713944
640.920916786254
175.358347351539
349.220443027669
529.979696396161
707.738176919714
882.720809183953
175.358347351539
349.220443027669
529.979696396161
707.738176919714
875.989485122823
175.358347351539
349.220443027669
529.979696396161
707.738176919714
719.644261134054
175.358347351539
349.220443027669
529.979696396161
707.738176919714
875.989485122823
175.358347351539
349.220443027669
444.778809909313
707.738176919714
882.720809183953
175.358347351539
349.220443027669
529.979696396161
707.738176919714
882.720809183953
175.358347351539
349.220443027669
501.966452270138
624.854839766441
875.989485122823
167.865753183319
340.431277161095
529.979696396161
732.113171744787
1350.30218511529
175.358347351539
301.033751409952
601.475599109195
707.738176919714
826.195779113232
175.358347351539
401.560916916089
373.341998750405
784.463937063688
749.84037030084
175.358347351539
349.220443027669
529.979696396161
707.738176919714
875.989485122823
175.358347351539
349.220443027669
529.979696396161
707.738176919714
826.195779113232
175.358347351539
349.220443027669
529.979696396161
707.738176919714
875.989485122823
175.358347351539
349.220443027669
529.979696396161
707.738176919714
875.989485122823
160.798541284701
309.380557718062
629.162881527721
803.148210204402
1128.73874371757
175.358347351539
349.220443027669
529.979696396161
803.148210204402
1128.73874371757
181.690687009024
399.862310238105
630.965950829225
707.738176919714
826.195779113232
175.358347351539
349.220443027669
529.979696396161
927.59422012213
974.354534897407
175.358347351539
349.220443027669
529.979696396161
707.738176919714
875.989485122823
181.690687009024
399.862310238105
630.965950829225
807.7080535281
839.759931013813
175.358347351539
290.547565768274
570.800885038055
707.738176919714
982.758681627432
175.358347351539
290.043155421004
569.353940595031
754.829873502379
875.989485122823
148.984402616614
308.385321573181
442.164070519078
820.616782478531
920.491937655015
175.358347351539
349.220443027669
529.979696396161
707.738176919714
875.989485122823
148.984402616614
323.809671624473
529.979696396161
712.252996382765
875.989485122823
175.358347351539
412.911983739754
529.979696396161
707.738176919714
875.989485122823
202.518647695526
402.036847282273
529.979696396161
846.210300759153
1051.77939279438
164.280241485683
279.673008186212
454.358727678524
796.994034067148
766.286344684115
175.358347351539
349.220443027669
529.979696396161
707.738176919714
875.989485122823
175.358347351539
349.220443027669
529.979696396161
707.738176919714
882.720809183953
175.358347351539
290.547565768274
570.800885038055
707.738176919714
875.989485122823
175.358347351539
299.250166674864
628.172758107833
707.738176919714
952.250899412177
186.282931461361
392.064989005552
438.159646317984
784.463937063688
749.84037030084
204.770920453605
340.120520988276
529.979696396161
668.654788450313
819.730869527869
175.358347351539
290.547565768274
570.800885038055
707.738176919714
826.195779113232
160.798541284701
309.380557718062
629.162881527721
745.199311034331
875.989485122823
175.358347351539
349.220443027669
529.979696396161
707.738176919714
875.989485122823
175.358347351539
349.220443027669
529.979696396161
707.738176919714
826.195779113232
175.358347351539
376.700718227152
612.633319894178
707.738176919714
963.546887329421
175.358347351539
349.220443027669
529.979696396161
707.738176919714
882.720809183953
175.358347351539
349.220443027669
529.979696396161
707.738176919714
882.720809183953
175.358347351539
349.220443027669
529.979696396161
707.738176919714
750.384314931938
175.358347351539
301.033751409952
529.979696396161
707.738176919714
826.195779113232
175.358347351539
349.220443027669
529.979696396161
803.148210204402
1128.73874371757
