2.8195317345851854e-06
2.8195317345851854e-06
0.006987542772493217
0.002986276038680027
0.0016080260210617834
2.8195317345851854e-06
2.8195317345851854e-06
0.0045091568900237885
0.0005501977402218372
0.0010286159409226914
0.0010405029083325015
0.00321151796662606
2.8195317345851854e-06
2.8195317345851854e-06
2.8195317345851854e-06
2.8195317345851854e-06
0.00124952971133627
0.0009245651230439018
0.0061403731797730465
0.008310333897053023
0.0003601794650073529
0.002986276038680027
0.001846769745962732
1.483380981675475e-06
3.466084350830793e-05
0.0012810581022443626
0.00181190616720399
0.0019088021473035726
0.004340818352618916
7.274718750992011e-05
0.007027025748951475
0.0007430940027980991
7.274718750992011e-05
0.004923762979900294
0.0015534710561003224
0.0007362520340525029
0.0016421476821450848
0.007282303156945565
1.6143419593663984e-05
0.001475934203184061
0.004033445003485471
0.00448005370974862
0.0015915971803008066
0.0006033338610164404
0.0014195677424039812
0.0009245651230439018
2.8195317345851854e-06
0.0009245651230439018
2.8195317345851854e-06
0.0028813003675486407
2.8195317345851854e-06
0.009630332383395206
7.274718750992011e-05
0.0004398120601897166
1.483380981675475e-06
0.007480104604590983
1.483380981675475e-06
2.8195317345851854e-06
0.0007077426261337143
2.8195317345851854e-06
0.0006805898944443195
1.483380981675475e-06
0.00027640469758831925
0.001954486038029521
0.0030031449127473912
0.004639048321784229
2.8195317345851854e-06
7.277692678284869e-05
2.8195317345851854e-06
2.8195317345851854e-06
0.0006271967743198872
0.0004630172363810371
0.0022847139541231735
0.0012249014705954658
2.8195317345851854e-06
0.002532086267972679
0.004680781829584233
0.004615533312373286
0.0016262811746302391
2.8195317345851854e-06
0.0019208600665286538
0.003214636510336643
0.0005948643587732003
0.005693593642666081
2.8195317345851854e-06
1.483380981675475e-06
0.004611550544609154
0.003164796836595384
0.0023769669391541523
0.006953085776959993
0.004727980805727798
0.0006449367980666264
2.8195317345851854e-06
7.277692678284869e-05
0.0016086325388267974
1.483380981675475e-06
1.483380981675475e-06
0.0004398120601897166
0.0033121212365569627
0.0004630172363810371
