0.04475729978616384
0.016377927588914987
0.006231472467340129
0.06950337823129038
0.005344939460854589
0.002904099322023288
0.006770676378757247
1.1893371343020719e-06
0.12478059592143652
0.03035279942579283
0.0005275061270835405
1.1893371343020719e-06
0.003723509826199711
0.04066174701941239
1.1893371343020719e-06
0.031173782097969702
0.041589514553686174
1.1893371343020719e-06
0.03945672850143586
0.0030290895361794945
0.01081041906342613
1.1893371343020719e-06
0.00306376371202773
0.007141400099183784
1.1893371343020719e-06
1.1893371343020719e-06
1.1893371343020719e-06
0.06338292176639573
0.0028331109155163704
1.1893371343020719e-06
0.11380507401638205
1.1893371343020719e-06
1.1893371343020719e-06
0.0005457924586863163
1.1893371343020719e-06
0.03979854604760915
0.0005457924586863163
0.030874609265996982
0.040579874484555224
0.005344939460854589
0.00443434264203849
1.1893371343020719e-06
0.000383051076396324
0.0687303431095956
0.019756885506267707
0.03786797778232876
0.06461744612177235
1.1893371343020719e-06
1.1893371343020719e-06
0.039973099832319885
0.041336656176549656
0.0005457924586863163
0.021228922490719133
0.05758526918494594
0.03307589797988409
0.004295833503172298
0.00829315968984795
1.1893371343020719e-06
0.0012550529406872147
0.017856335876167192
0.04428310231244297
0.03127693280148322
0.05201807842154725
0.035776852814549884
0.021107514717387484
1.1893371343020719e-06
0.11591962955089533
1.1893371343020719e-06
0.0007134370274535149
0.005842947313956591
0.061163875940093315
0.002904099322023288
0.014591782703321392
0.0020651409461828695
0.003995616749905582
0.022065020569716143
1.1893371343020719e-06
0.05135664156813134
0.041004340396794035
0.0012550529406872147
0.002777190257859206
0.0726333966676848
0.007754984344973119
0.007889168171891513
0.003723509826199711
0.03767222894981259
0.012623064978855408
0.052449495489705476
0.022950078109332
0.00306376371202773
0.0055140994119245905
0.08195760570990893
0.005219153335541405
0.04711016729602532
0.0005457924586863163
0.044567277476529166
1.1893371343020719e-06
0.06382336118717094
0.0012550529406872147
0.006231472467340129
