182.379932416923
295.765556130162
623.033002296298
439.241454539493
556.737250088352
171.147841555332
326.663847935981
623.033002296298
1010.50212354848
698.47752692364
227.378690326925
358.532687786515
912.340447301155
879.165524318553
757.685369987192
179.086928622903
422.790399194532
951.47739557257
786.53284759029
628.535379018566
165.435783383249
258.521840720543
735.032899560389
726.684354534257
731.85201430999
238.785815025395
356.468516874413
1062.85028063989
911.574988622075
631.314029987515
263.302989966135
581.325094876638
825.107341921356
879.165524318553
610.269028188726
237.553940390208
515.601908759959
857.242421207686
879.165524318553
586.33898619368
238.785815025395
356.468516874413
1062.85028063989
879.165524318553
586.33898619368
237.553940390208
515.601908759959
857.242421207686
778.829215311596
596.892638107535
204.045610638426
349.126608627057
951.47739557257
879.165524318553
718.599915963238
165.435783383249
321.743868423738
829.283132649699
879.165524318553
718.599915963238
227.378690326925
358.532687786515
912.340447301155
879.165524318553
802.207409473648
227.378690326925
358.532687786515
912.340447301155
879.165524318553
692.388311480492
220.070964634727
515.601908759959
844.1627233823
879.165524318553
718.599915963238
182.379932416923
295.765556130162
623.033002296298
1046.82883581342
631.314029987515
162.262518159623
383.089030146019
794.04445694085
879.165524318553
653.956283832894
165.435783383249
321.743868423738
829.283132649699
1046.82883581342
631.314029987515
263.302989966135
581.325094876638
825.107341921356
437.944800170201
484.334766174754
165.435783383249
321.743868423738
829.283132649699
491.181958566987
484.334766174754
220.070964634727
515.601908759959
844.1627233823
664.598918458355
616.311811399786
218.212445296905
295.765556130162
733.748219278732
786.53284759029
628.535379018566
226.914818354988
364.017313813927
932.106637674695
561.888142371256
740.871561400727
237.87014293605
581.325094876638
980.536585686371
845.179361321093
610.269028188726
179.086928622903
422.790399194532
951.47739557257
561.888142371256
740.871561400727
227.378690326925
358.532687786515
912.340447301155
879.165524318553
718.599915963238
220.070964634727
515.601908759959
844.1627233823
879.165524318553
718.599915963238
238.785815025395
356.468516874413
1062.85028063989
911.574988622075
538.913906641836
179.086928622903
422.790399194532
951.47739557257
561.888142371256
740.871561400727
232.529052805228
364.017313813927
932.106637674695
561.888142371256
740.871561400727
182.379932416923
326.663847935981
623.033002296298
561.888142371256
740.871561400727
204.045610638426
349.126608627057
951.47739557257
879.165524318553
563.14257486499
220.070964634727
515.601908759959
844.1627233823
879.165524318553
563.14257486499
203.575538298388
253.289877009159
818.808843371155
818.872681659583
643.635381044822
180.45730963664
515.601908759959
844.1627233823
786.53284759029
628.535379018566
220.070964634727
515.601908759959
844.1627233823
664.598918458355
616.311811399786
180.45730963664
519.238070533022
734.922177609874
705.880670850748
628.535379018566
182.379932416923
295.765556130162
623.033002296298
1054.04659791419
718.599915963238
220.070964634727
515.601908759959
857.242421207686
879.165524318553
563.14257486499
169.249831094418
382.095370218813
951.47739557257
879.165524318553
563.14257486499
204.045610638426
349.126608627057
951.47739557257
561.888142371256
740.871561400727
232.529052805228
364.017313813927
932.106637674695
1054.04659791419
718.599915963238
194.775540697197
356.468516874413
1168.21491224628
910.071606759019
748.740504793743
299.818484790898
692.377916517292
792.485818947405
849.613689641771
610.269028188726
204.045610638426
349.126608627057
951.47739557257
1054.04659791419
718.599915963238
268.823434692072
300.439650817585
912.340447301155
879.165524318553
692.388311480492
249.462190416015
556.241267454689
857.242421207686
778.829215311596
556.186521829711
226.914818354988
364.017313813927
932.106637674695
436.321643403571
578.272346486111
182.379932416923
295.765556130162
623.033002296298
879.165524318553
586.33898619368
165.435783383249
321.743868423738
829.283132649699
561.888142371256
740.871561400727
179.086928622903
442.603610336056
794.04445694085
879.165524318553
653.956283832894
209.857065815417
422.790399194532
994.857041859178
786.53284759029
548.846309657659
185.903948878997
314.353477272874
921.354709928626
1054.04659791419
807.348140895699
169.249831094418
422.790399194532
951.47739557257
879.165524318553
692.388311480492
218.212445296905
253.289877009159
733.748219278732
879.165524318553
757.685369987192
262.822298359279
515.601908759959
844.1627233823
879.165524318553
757.685369987192
227.378690326925
358.532687786515
912.340447301155
1054.04659791419
718.599915963238
232.529052805228
364.017313813927
932.106637674695
1054.04659791419
718.599915963238
218.212445296905
295.765556130162
733.748219278732
439.241454539493
556.737250088352
220.070964634727
515.601908759959
844.1627233823
879.165524318553
718.599915963238
182.379932416923
295.765556130162
623.033002296298
879.165524318553
718.599915963238
232.529052805228
364.017313813927
932.106637674695
439.241454539493
556.737250088352
182.379932416923
295.765556130162
623.033002296298
879.165524318553
641.08989182658
232.529052805228
364.017313813927
833.87027038722
1054.04659791419
858.388578995889
226.914818354988
364.017313813927
932.106637674695
786.53284759029
628.535379018566
204.045610638426
349.126608627057
951.47739557257
664.598918458355
616.311811399786
179.086928622903
422.790399194532
951.47739557257
808.204113692918
628.535379018566
226.914818354988
364.017313813927
932.106637674695
1054.04659791419
718.599915963238
220.070964634727
515.601908759959
844.1627233823
879.165524318553
757.402533443624
227.378690326925
358.532687786515
912.340447301155
561.888142371256
740.871561400727
165.435783383249
321.743868423738
829.283132649699
879.165524318553
757.402533443624
172.052791905615
321.743868423738
829.283132649699
879.165524318553
809.141382801018
179.086928622903
422.790399194532
951.47739557257
879.165524318553
718.599915963238
165.435783383249
321.743868423738
829.283132649699
879.165524318553
718.599915963238
148.450388433352
197.635993362976
304.083075584383
491.181958566987
484.334766174754
220.070964634727
515.601908759959
844.1627233823
786.53284759029
628.535379018566
227.378690326925
356.468516874413
998.806617011409
1046.82883581342
631.314029987515
179.086928622903
422.790399194532
951.47739557257
879.165524318553
718.599915963238
182.379932416923
295.765556130162
680.751208947694
879.165524318553
718.599915963238
182.379932416923
295.765556130162
623.033002296298
1054.04659791419
718.599915963238
216.183192944983
515.601908759959
844.1627233823
1013.75565109052
718.599915963238
132.008400036631
197.635993362976
356.961591826921
437.944800170201
484.334766174754
227.378690326925
358.532687786515
912.340447301155
879.165524318553
718.599915963238
220.685630306658
314.353477272874
920.845784016791
1054.04659791419
717.932713658373
226.914818354988
364.017313813927
932.106637674695
1054.04659791419
718.599915963238
180.45730963664
526.972673040265
834.831108333765
786.53284759029
628.535379018566
218.212445296905
295.765556130162
733.748219278732
624.60199858768
740.871561400727
218.212445296905
253.289877009159
733.748219278732
728.971723618427
643.635381044822
170.617796198732
349.126608627057
779.426137417045
951.181151338928
603.457039560711
178.80700509475
359.466384536445
1126.43015294362
879.165524318553
821.705804639892
218.212445296905
295.765556130162
806.793368476927
425.122446825635
479.687385076235
165.435783383249
321.743868423738
829.283132649699
879.165524318553
718.599915963238
180.45730963664
515.601908759959
844.1627233823
879.165524318553
563.14257486499
263.302989966135
581.325094876638
980.536585686371
845.179361321093
610.269028188726
182.379932416923
295.765556130162
623.033002296298
879.165524318553
718.599915963238
163.505984814127
422.790399194532
801.024993871259
657.357760495708
757.824679681394
220.070964634727
515.601908759959
844.1627233823
879.165524318553
718.599915963238
182.379932416923
295.765556130162
623.033002296298
561.888142371256
740.871561400727
182.379932416923
326.663847935981
623.033002296298
879.165524318553
698.47752692364
227.378690326925
358.532687786515
912.340447301155
879.165524318553
718.599915963238
