0.01617301984292106
0.007579896817051242
0.013400783498764864
0.01956471607557254
0.011108576867521716
0.02552784652681017
0.00984131810458245
0.011809175887967155
0.027782323227872847
0.009539811339134575
0.00990246009332782
0.0073661396017912165
0.01246034180663822
0.015257734446636728
0.010381886597656834
0.01757537778980155
0.01696221051907625
0.014637905522062258
0.019680313929991453
0.01581057495859613
0.011687670410327294
0.033699593090776477
0.020074303808608723
0.018690348356414574
0.021497979601358783
0.014434424881336035
0.010381886597656834
0.031737876986396935
0.021497979601358783
0.022421533230161876
0.0044553484811740126
0.016825813093853923
0.01663773966495069
0.04731551280409848
0.031299551238138795
0.011687670410327294
0.02615555821146823
0.013795514246463688
0.017002518535921055
0.022497707162085063
0.016103311589252964
0.017434147024669985
0.012851077424298318
0.010025177902237205
0.01217994104616084
0.07762499953165715
0.011845830112224986
0.031889547641914845
0.01471283214122552
0.009917912473724281
0.018061543124261285
0.015390445188665341
0.009511139843094561
0.024226741066816763
0.06200568411923676
0.004128935835170166
0.016609818721248042
0.017434147024669985
0.04527725076911435
0.010381886597656834
0.009899567757742615
0.03439776487067688
0.012292350230941104
0.012852127262381214
0.016096713995235733
0.013775439228984656
0.01978475716633325
0.0154559621810631
0.009499663590833606
0.020940291007063915
0.006472266693957347
0.004884334537310072
0.017843717433806413
0.0073661396017912165
0.04486051138572959
0.011796804710994936
0.022223430674590493
0.017843717433806413
0.009712237365658006
0.013795514246463688
0.01417126861579117
0.018390375069343167
0.014434424881336035
0.026710552245791098
0.0154559621810631
0.03311063494848534
0.033115731767062666
0.06478373545896435
0.012995851500077246
0.012624688126431997
0.05007864648579964
0.0073661396017912165
0.036350104909950616
0.012687531073978929
0.009899567757742615
0.020549177117524
0.010381886597656834
0.01003802295513933
0.005381121841341875
0.014434424881336035
