3.47147051162808
0.882122154664101
0.945271132909634
0.491682669142661
3.47147051162808
0.972147575985213
0.945271132909634
0.575385146531651
3.47147051162808
0.972147575985213
0.945271132909634
0.575385146531651
3.47147051162808
1.04690299149551
0.941341717413983
0.491682669142661
3.47147051162808
0.972147575985213
0.945271132909634
0.575385146531651
3.47147051162808
0.827672254138082
0.957505721171923
0.664929935338355
3.63278812457275
0.827672254138082
0.957505721171923
0.649344760720624
3.2948182393473
0.972147575985213
1.02944596539798
0.491682669142661
3.47147051162808
0.882122154664101
0.945271132909634
0.491682669142661
3.71519984542297
0.900630797216762
0.852021673308301
0.649344760720624
3.47147051162808
0.972147575985213
0.945271132909634
0.575385146531651
3.44997257741516
0.788664763622481
0.945271132909634
0.539907596817878
3.47147051162808
0.972147575985213
0.945271132909634
0.575385146531651
3.20093623085729
0.972147575985213
0.982310703607294
0.580366576633531
3.28657493929305
0.972147575985213
0.803481536362745
0.525162847626665
3.84841180737583
1.01242870520365
0.945271132909634
0.575385146531651
3.47147051162808
1.1157289717733
0.991319802026748
0.491682669142661
3.28657493929305
1.07065046377517
0.803481536362745
0.525162847626665
3.71519984542297
0.900630797216762
0.852021673308301
0.649344760720624
3.47147051162808
0.972147575985213
0.945271132909634
0.575385146531651
3.47147051162808
0.972147575985213
0.945271132909634
0.575385146531651
3.47147051162808
0.972147575985213
0.951104045253156
0.491682669142661
3.47147051162808
0.972147575985213
0.945271132909634
0.575385146531651
3.18998826626737
0.972147575985213
1.18365328954586
0.56706557453044
3.47147051162808
0.972147575985213
0.945271132909634
0.575385146531651
3.28657493929305
0.972147575985213
0.694335786431706
0.550006073234534
3.47147051162808
1.04690299149551
0.941341717413983
0.491682669142661
3.47147051162808
1.04690299149551
0.941341717413983
0.491682669142661
3.72015044073215
0.873637371361166
0.951104045253156
0.589110710641809
3.63278812457275
0.917964790359459
0.957505721171923
0.649344760720624
3.47147051162808
0.882122154664101
0.945271132909634
0.491682669142661
3.2948182393473
0.908244885173294
1.21906409853127
0.427645099849186
3.47147051162808
0.972147575985213
0.945271132909634
0.575385146531651
3.47147051162808
0.972147575985213
0.951104045253156
0.491682669142661
3.44997257741516
0.788664763622481
0.945271132909634
0.539907596817878
3.47147051162808
0.961689656009313
0.945271132909634
0.575385146531651
3.47147051162808
0.972147575985213
0.945271132909634
0.491682669142661
3.63885995577253
0.972147575985213
0.920634514497248
0.491682669142661
3.03053045498131
0.788664763622481
0.945271132909634
0.539907596817878
3.2948182393473
0.972147575985213
1.02944596539798
0.491682669142661
3.47147051162808
0.952552824576061
0.951104045253156
0.491682669142661
3.47147051162808
0.972147575985213
0.945271132909634
0.575385146531651
3.47147051162808
0.972147575985213
0.945271132909634
0.575385146531651
3.2948182393473
0.972147575985213
1.02944596539798
0.491682669142661
3.47147051162808
0.972147575985213
0.945271132909634
0.575385146531651
3.47147051162808
0.972147575985213
0.945271132909634
0.575385146531651
3.47147051162808
0.972147575985213
0.945271132909634
0.575385146531651
3.47147051162808
1.21499805841893
0.933087632421381
0.491682669142661
3.47147051162808
0.807705053987765
0.945271132909634
0.575385146531651
3.71658163371837
0.972147575985213
1.04834945661003
0.575385146531651
4.16350642972431
0.972147575985213
0.951104045253156
0.491682669142661
3.28657493929305
1.07065046377517
0.803481536362745
0.525162847626665
3.47147051162808
0.960647771820891
0.951104045253156
0.491682669142661
3.47147051162808
1.04690299149551
0.941341717413983
0.491682669142661
3.71658163371837
0.972147575985213
1.1744752744537
0.627227206126534
3.47147051162808
1.21499805841893
0.933087632421381
0.491682669142661
3.47147051162808
0.882122154664101
0.945271132909634
0.491682669142661
3.61560790117108
0.972147575985213
0.982310703607294
0.580366576633531
3.47147051162808
0.915700972765033
0.991319802026748
0.491682669142661
3.71658163371837
0.972147575985213
1.1744752744537
0.627227206126534
3.08667363434428
0.972147575985213
0.854178375357397
0.531402170547555
3.44997257741516
0.788664763622481
0.945271132909634
0.539907596817878
3.44997257741516
0.788664763622481
0.945271132909634
0.539907596817878
3.71658163371837
0.972147575985213
1.1744752744537
0.597515272643757
3.71658163371837
0.972147575985213
1.1744752744537
0.627227206126534
3.71519984542297
0.900630797216762
0.852021673308301
0.649344760720624
3.06492190694846
0.798500599086701
1.21906409853127
0.427645099849186
2.81251640017543
0.972147575985213
0.774165693104263
0.575385146531651
3.88146818632954
0.972147575985213
0.694335786431706
0.553941796144755
2.90700863696039
0.792421366447214
0.904572627371021
0.575385146531651
4.49741494800983
0.972147575985213
0.74068249480419
0.560917985239554
3.47147051162808
0.972147575985213
0.951104045253156
0.491682669142661
3.44997257741516
0.809378177615834
0.945271132909634
0.539907596817878
3.03053045498131
0.787304888258354
0.945271132909634
0.539907596817878
4.00767755277378
0.972147575985213
0.945271132909634
0.575385146531651
2.80125368263409
0.845010767150293
0.854178375357397
0.627768041810495
4.10484626177684
0.972147575985213
1.116280374719
0.630514060610938
3.71658163371837
0.972147575985213
1.1744752744537
0.627227206126534
3.36659282529555
0.972147575985213
0.742461057485312
0.572076414057323
3.2948182393473
0.972147575985213
1.02944596539798
0.491682669142661
3.47147051162808
0.972147575985213
0.945271132909634
0.575385146531651
3.18998826626737
1.14846229332027
1.15475997418943
0.56706557453044
3.44997257741516
0.788664763622481
0.945271132909634
0.575519818692051
2.80125368263409
0.845010767150293
1.00700899604261
0.537820181397983
3.44997257741516
0.788664763622481
0.945271132909634
0.484446640745373
