2.8071936004125204
0.0007797664651192917
0.0007797664651192917
2.3943000115540243
0.0007797664651192917
7.4533796481624375
7.4533796481624375
0.7126907634047331
2.8071936004125204
0.17703943308951328
0.0007797664651192917
10.495595287581265
0.0007797664651192917
0.13945598408410806
2.0055308158915612
0.6360131971296465
6.441207049982041
11.756921379138582
0.17703943308951328
0.0007797664651192917
0.0007797664651192917
0.004415630232430173
0.0007797664651192917
5.692930964648078
0.0007797664651192917
6.287585951226128
2.3943000115540243
2.3943000115540243
3.5451726760532107
1.3256985271387083
2.8071936004125204
15.544261188267487
0.0007797664651192917
0.004415630232430173
10.495595287581265
0.04318222553512513
0.0007797664651192917
0.060489497566863414
10.495595287581265
0.7126907634047331
0.1936326496579188
0.0007797664651192917
0.0007797664651192917
0.7126907634047331
0.0007797664651192917
0.0007797664651192917
0.0007797664651192917
29.545531664800162
8.615062269521156
1.0674215869648438
0.004415630232430173
11.756921379138582
0.08141081385131428
2.3943000115540243
5.2634120237832445
29.545531664800162
2.8071936004125204
0.13945598408410806
2.3422427114878137
5.2634120237832445
0.826921033699496
10.495595287581265
10.495595287581265
5.2634120237832445
5.2634120237832445
0.17703943308951328
33.850278876626604
2.9216350564432316
6.287585951226128
7.69611347426205
4.178238163461822
0.004415630232430173
8.456669564593469
10.635196510488077
0.0007797664651192917
1.987808494838159
2.9320438557891033
5.2634120237832445
4.105850970618721
0.7126907634047331
0.0007797664651192917
2.7183910939866576
10.495595287581265
8.6069176266084
10.495595287581265
