0.6994851716421981 0.6994851716421981 0.699485171642198 0.6994851716421981 -0.34272030941017073 0.07362024180965325 0.07362024180965318 0.07362024180965301 -0.07132667976844932 -0.37078213814984856 0.015321786505941957 0.015321786505941796 -0.01751408189770593 -0.09104459586292826 -0.39218147080849775 0.003762225082611058 -0.0046731338305575285 -0.024292656817610992 -0.10464245340734325 -0.4994980787056263 0.6994851716421983 0.07362024180965299 0.015321786505941843 0.0037622250826112335 0.0010038425887471099
0.6994851716421981 0.6994851716421981 0.699485171642198 0.6994851716421981 -0.34272030941017073 0.07362024180965325 0.07362024180965318 0.07362024180965301 -0.07132667976844932 -0.37078213814984856 0.015321786505941957 0.015321786505941796 -0.01751408189770593 -0.09104459586292826 -0.39218147080849775 0.003762225082611058 -0.0046731338305575285 -0.024292656817610992 -0.10464245340734325 -0.4994980787056263 0.6994851716421983 0.07362024180965299 0.015321786505941843 0.0037622250826112335 0.0010038425887471099
0.6994851716421981 0.6994851716421981 0.699485171642198 0.6994851716421981 -0.34272030941017073 0.07362024180965325 0.07362024180965318 0.07362024180965301 -0.07132667976844932 -0.37078213814984856 0.015321786505941957 0.015321786505941796 -0.01751408189770593 -0.09104459586292826 -0.39218147080849775 0.003762225082611058 -0.0046731338305575285 -0.024292656817610992 -0.10464245340734325 -0.4994980787056263 0.6994851716421983 0.07362024180965299 0.015321786505941843 0.0037622250826112335 0.0010038425887471099
0.6994851716421981 0.6994851716421981 0.699485171642198 0.6994851716421981 -0.34272030941017073 0.07362024180965325 0.07362024180965318 0.07362024180965301 -0.07132667976844932 -0.37078213814984856 0.015321786505941957 0.015321786505941796 -0.01751408189770593 -0.09104459586292826 -0.39218147080849775 0.003762225082611058 -0.0046731338305575285 -0.024292656817610992 -0.10464245340734325 -0.4994980787056263 0.6994851716421983 0.07362024180965299 0.015321786505941843 0.0037622250826112335 0.0010038425887471099
0.6994851716421981 0.6994851716421981 0.699485171642198 0.6994851716421981 -0.34272030941017073 0.07362024180965325 0.07362024180965318 0.07362024180965301 -0.07132667976844932 -0.37078213814984856 0.015321786505941957 0.015321786505941796 -0.01751408189770593 -0.09104459586292826 -0.39218147080849775 0.003762225082611058 -0.0046731338305575285 -0.024292656817610992 -0.10464245340734325 -0.4994980787056263 0.6994851716421983 0.07362024180965299 0.015321786505941843 0.0037622250826112335 0.0010038425887471099
0.6994851716421981 0.6994851716421981 0.699485171642198 0.6994851716421981 -0.34272030941017073 0.07362024180965325 0.07362024180965318 0.07362024180965301 -0.07132667976844932 -0.37078213814984856 0.015321786505941957 0.015321786505941796 -0.01751408189770593 -0.09104459586292826 -0.39218147080849775 0.003762225082611058 -0.0046731338305575285 -0.024292656817610992 -0.10464245340734325 -0.4994980787056263 0.6994851716421983 0.07362024180965299 0.015321786505941843 0.0037622250826112335 0.0010038425887471099
0.6994851716421981 0.6994851716421981 0.699485171642198 0.6994851716421981 -0.34272030941017073 0.07362024180965325 0.07362024180965318 0.07362024180965301 -0.07132667976844932 -0.37078213814984856 0.015321786505941957 0.015321786505941796 -0.01751408189770593 -0.09104459586292826 -0.39218147080849775 0.003762225082611058 -0.0046731338305575285 -0.024292656817610992 -0.10464245340734325 -0.4994980787056263 0.6994851716421983 0.07362024180965299 0.015321786505941843 0.0037622250826112335 0.0010038425887471099
0.6994851716421981 0.6994851716421981 0.699485171642198 0.6994851716421981 -0.34272030941017073 0.07362024180965325 0.07362024180965318 0.07362024180965301 -0.07132667976844932 -0.37078213814984856 0.015321786505941957 0.015321786505941796 -0.01751408189770593 -0.09104459586292826 -0.39218147080849775 0.003762225082611058 -0.0046731338305575285 -0.024292656817610992 -0.10464245340734325 -0.4994980787056263 0.6994851716421983 0.07362024180965299 0.015321786505941843 0.0037622250826112335 0.0010038425887471099
0.6994851716421981 0.6994851716421981 0.699485171642198 0.6994851716421981 -0.34272030941017073 0.07362024180965325 0.07362024180965318 0.07362024180965301 -0.07132667976844932 -0.37078213814984856 0.015321786505941957 0.015321786505941796 -0.01751408189770593 -0.09104459586292826 -0.39218147080849775 0.003762225082611058 -0.0046731338305575285 -0.024292656817610992 -0.10464245340734325 -0.4994980787056263 0.6994851716421983 0.07362024180965299 0.015321786505941843 0.0037622250826112335 0.0010038425887471099
0.6994851716421981 0.6994851716421981 0.699485171642198 0.6994851716421981 -0.34272030941017073 0.07362024180965325 0.07362024180965318 0.07362024180965301 -0.07132667976844932 -0.37078213814984856 0.015321786505941957 0.015321786505941796 -0.01751408189770593 -0.09104459586292826 -0.39218147080849775 0.003762225082611058 -0.0046731338305575285 -0.024292656817610992 -0.10464245340734325 -0.4994980787056263 0.6994851716421983 0.07362024180965299 0.015321786505941843 0.0037622250826112335 0.0010038425887471099
0.6476264394370788 0.6476264394370789 0.6476264394370786 0.6476264394370786 -0.33900268666194566 0.09222568479700857 0.09222568479700832 0.09222568479700845 -0.06721780016717406 -0.3881656564018338 0.018286603306916942 0.01828660330691698 -0.013204659177254928 -0.07625353975217869 -0.3922843505407208 0.0035923276807177497 -0.003523724428158944 -0.020348610074023582 -0.10468289489559825 -0.4995206853644394 0.6476264394370794 0.09222568479700867 0.018286603306917133 0.0035923276807178525 0.0009586292711214045
0.7522585153996008 0.7522585153996012 0.7522585153996012 0.7522585153996011 -0.3154704633361099 0.051946983207593264 0.05194698320759323 0.051946983207593084 -0.0971185475772264 -0.35922651340054973 0.015992037754624835 0.01599203775462479 -0.024013110547745495 -0.08882078854308738 -0.35099529794137396 0.003954121844544472 -0.009923758162261147 -0.036706449317774364 -0.14505377993139684 -0.49918295156199455 0.7522585153996009 0.05194698320759295 0.015992037754624645 0.003954121844544341 0.0016340968760107319
0.6491617932183366 0.6491617932183364 0.6491617932183362 0.6491617932183364 -0.35437836231184217 0.09576154238785675 0.09576154238785685 0.09576154238785686 -0.05419058490770438 -0.3712024273935606 0.014643597198791327 0.014643597198791455 -0.013313067079488738 -0.09119375301772947 -0.39228121220619105 0.0035975103816383537 -0.0035526401281564413 -0.024335383009310128 -0.10468166108415564 -0.49951999566790434 0.649161793218336 0.09576154238785657 0.014643597198791184 0.0035975103816382643 0.000960008664191195
0.4440222275729399 0.44402222757294013 0.44402222757294035 0.44402222757294013 -0.34430036686328896 0.2155560455394383 0.21555604553943847 0.21555604553943855 -0.016860551777227947 -0.33716001266075923 0.010555881481693053 0.010555881481692746 -0.006732892188716876 -0.13463746890284464 -0.44106469473698295 0.004215260147600865 -0.0008561193310868307 -0.017119795859718942 -0.05608347807158517 -0.49973200479104884 0.4440222275729396 0.21555604553943844 0.010555881481692708 0.004215260147600784 0.0005359904179022155
0.6995535503065924 0.6995535503065926 0.6995535503065925 0.6995535503065923 -0.34285299065695024 0.07362478809842522 0.07362478809842474 0.07362478809842482 -0.0713540540165113 -0.3713420009944037 0.015322681295160826 0.01532268129516085 -0.01859715440944029 -0.09678363235823155 -0.4188337626987543 0.003993582059777462 -0.0034708326553848567 -0.018062967285209782 -0.07816797498947631 -0.49962733398024595 0.6995535503065924 0.07362478809842514 0.015322681295160921 0.0039935820597778 0.0007453320395081339
0.7253607238560869 0.7253607238560867 0.725360723856087 0.7253607238560867 -0.34751479170325933 0.06578879149625824 0.06578879149625805 0.06578879149625814 -0.07274470036661981 -0.37174291075890536 0.013771459630310914 0.013771459630310616 -0.01788287421684534 -0.09138578728899333 -0.3924096255340425 0.0033854463501814033 -0.0047728490940622025 -0.024390406529927425 -0.104732153401108 -0.49954822070687505 0.7253607238560866 0.06578879149625805 0.013771459630310722 0.0033854463501813907 0.0009035585862498421
0.6348170103338548 0.6348170103338546 0.6348170103338547 0.634817010333855 -0.3277036851974214 0.09425693509856588 0.09425693509856599 0.09425693509856622 -0.05932781365207343 -0.31685796317151893 0.01706437288788662 0.017064372887886713 -0.025265034816662913 -0.13493548773620703 -0.40688216497174545 0.007266945275707548 -0.00542804265644732 -0.02899008802543274 -0.08741621627046935 -0.49921936998652783 0.6348170103338545 0.09425693509856604 0.017064372887886155 0.007266945275707179 0.0015612600269440992
0.8027829963551905 0.8027829963551906 0.8027829963551905 0.8027829963551905 -0.3793373535056649 0.04659526707005527 0.04659526707005522 0.04659526707005539 -0.05806581940684667 -0.3432817819075703 0.0071324174587598585 0.00713241745875995 -0.018201778680884188 -0.1076078678177471 -0.35893186802874455 0.0022357849311382 -0.007043431553310544 -0.041640361904189765 -0.13889368116630219 -0.4995674159540537 0.8027829963551907 0.046595267070055416 0.007132417458759967 0.002235784931138269 0.0008651680918927067
0.7407267087350492 0.7407267087350493 0.7407267087350492 0.7407267087350491 -0.38507356119828456 0.06739279710967366 0.06739279710967357 0.06739279710967347 -0.042915142589960036 -0.32379641146649263 0.007510698705197957 0.0075106987051979145 -0.01713436327656196 -0.12927943394534983 -0.3834119048127784 0.0029987326689149964 -0.005092584055803838 -0.038423743761404554 -0.11395564117202063 -0.4995543663359169 0.7407267087350491 0.06739279710967341 0.007510698705197802 0.0029987326689150046 0.0008912673281663694
0.6512624912092779 0.6512624912092781 0.6512624912092778 0.6512624912092779 -0.3584349147006217 0.09596721821351005 0.09596721821350992 0.09596721821350984 -0.05480218851036026 -0.3921504108300695 0.01467271565255944 0.014672715652559567 -0.009258838968835713 -0.06625387788576878 -0.3444471736636644 0.002478957778061515 -0.004112687352639684 -0.029429336287333796 -0.15300012664084406 -0.49944943538083575 0.6512624912092779 0.09596721821351013 0.014672715652559468 0.0024789577780617686 0.0011011292383287523
0.6994851716421981 0.6994851716421981 0.699485171642198 0.6994851716421981 -0.34272030941017073 0.07362024180965325 0.07362024180965318 0.07362024180965301 -0.07132667976844932 -0.37078213814984856 0.015321786505941957 0.015321786505941796 -0.01751408189770593 -0.09104459586292826 -0.39218147080849775 0.003762225082611058 -0.0046731338305575285 -0.024292656817610992 -0.10464245340734325 -0.4994980787056263 0.6994851716421983 0.07362024180965299 0.015321786505941843 0.0037622250826112335 0.0010038425887471099
0.6938970833954913 0.6938970833954906 0.6938970833954909 0.693897083395491 -0.35027047007940376 0.07725844008961467 0.07725844008961498 0.07725844008961481 -0.06394678743874382 -0.3642990523495832 0.014104611916441604 0.014104611916441393 -0.016976242400553208 -0.09671211434824085 -0.39219225552484865 0.003744415012069618 -0.004529685608942608 -0.02580520837516803 -0.10464669235235252 -0.4995004482619332 0.693897083395491 0.07725844008961477 0.014104611916441549 0.0037444150120694926 0.0009991034761336539
0.6912952478266003 0.6912952478265999 0.6912952478265997 0.6912952478265999 -0.34518976307283666 0.07707395689267323 0.07707395689267305 0.07707395689267313 -0.0681391333758338 -0.3708488720192509 0.01521410305381792 0.015214103053817728 -0.01673272700517244 -0.09106826911706864 -0.39219730111485507 0.003736082635861301 -0.004464736791166532 -0.024299437354661592 -0.10464867556510461 -0.4995015568713333 0.6912952478266005 0.07707395689267338 0.015214103053818 0.003736082635861427 0.0009968862573334744
0.6915904593855087 0.6915904593855088 0.6915904593855087 0.6915904593855088 -0.32781421670812894 0.0730931367038258 0.07309313670382592 0.07309313670382603 -0.06825097030354145 -0.31495930543920697 0.015218002296121384 0.015218002296121346 -0.032751736600357455 -0.15114018402521012 -0.445981777085139 0.0073026947539284225 -0.0036157508465442974 -0.01668568769358176 -0.04923583160537951 -0.4995968958064611 0.6915904593855086 0.07309313670382574 0.015218002296121316 0.007302694753928388 0.0008062083870777207
0.6463668367177338 0.6463668367177337 0.6463668367177341 0.646366836717734 -0.33670323432817884 0.0921066978370064 0.09210669783700652 0.09210669783700628 -0.06676769383776013 -0.37776762536418923 0.018264605666348598 0.01826460566634851 -0.013116465335046004 -0.07421217774620542 -0.3466382217972896 0.0035880686198789314 -0.005664894878204803 -0.03205163699793524 -0.1497102334424425 -0.49922517114831655 0.6463668367177341 0.09210669783700652 0.018264605666348563 0.0035880686198787523 0.0015496577033669292
0.6994851716421981 0.6994851716421981 0.699485171642198 0.6994851716421981 -0.34272030941017073 0.07362024180965325 0.07362024180965318 0.07362024180965301 -0.07132667976844932 -0.37078213814984856 0.015321786505941957 0.015321786505941796 -0.01751408189770593 -0.09104459586292826 -0.39218147080849775 0.003762225082611058 -0.0046731338305575285 -0.024292656817610992 -0.10464245340734325 -0.4994980787056263 0.6994851716421983 0.07362024180965299 0.015321786505941843 0.0037622250826112335 0.0010038425887471099
0.6984112361234736 0.6984112361234733 0.6984112361234734 0.6984112361234737 -0.34064469095059186 0.07354879614703658 0.07354879614703629 0.07354879614703681 -0.07089843982334411 -0.36218385533145264 0.015307723960583915 0.015307723960584092 -0.017409110600931997 -0.08893423904740365 -0.3577590111460459 0.0037588113383364152 -0.006743690761608154 -0.03445006583061887 -0.13858353787576674 -0.4992719828750008 0.6984112361234732 0.07354879614703665 0.015307723960584017 0.0037588113383364365 0.001456034249998406
0.6994851716421981 0.6994851716421981 0.699485171642198 0.6994851716421981 -0.34272030941017073 0.07362024180965325 0.07362024180965318 0.07362024180965301 -0.07132667976844932 -0.37078213814984856 0.015321786505941957 0.015321786505941796 -0.01751408189770593 -0.09104459586292826 -0.39218147080849775 0.003762225082611058 -0.0046731338305575285 -0.024292656817610992 -0.10464245340734325 -0.4994980787056263 0.6994851716421983 0.07362024180965299 0.015321786505941843 0.0037622250826112335 0.0010038425887471099
0.5604174188639192 0.5604174188639192 0.5604174188639189 0.560417418863919 -0.2969755170021644 0.11647145494038652 0.11647145494038635 0.1164714549403864 -0.049941524961800876 -0.248480578885233 0.019586672103343993 0.019586672103344305 -0.04235463275931454 -0.21073252517931193 -0.46285010189351405 0.01661115283421545 -0.002508880541238466 -0.012482760382620578 -0.027416968074065125 -0.49950801842209175 0.5604174188639195 0.1164714549403866 0.01958667210334422 0.01661115283421543 0.000983963155816374
0.7278491959311348 0.7278491959311344 0.727849195931135 0.7278491959311351 -0.4010815838075129 0.07498440345928183 0.07498440345928191 0.07498440345928196 -0.029096944194243107 -0.29676418162225165 0.005439833417882528 0.00543983341788259 -0.016230729116870683 -0.16553968730687374 -0.41960319455059797 0.0030344238919775357 -0.0030217879559220093 -0.030819677275684444 -0.07812045105487331 -0.4997175300781649 0.7278491959311348 0.07498440345928199 0.005439833417882314 0.0030344238919775006 0.0005649398436702272
0.8145391795412276 0.8145391795412276 0.8145391795412278 0.8145391795412275 -0.30032885155259853 0.03419064215410549 0.034190642154105604 0.03419064215410537 -0.1187736087953438 -0.3611679523598636 0.013521664451083049 0.013521664451082868 -0.03652631898570408 -0.11106958834635565 -0.43797423778626965 0.004158302791059784 -0.004934689034717004 -0.01500545072493638 -0.05917011975771011 -0.49971910759479893 0.8145391795412275 0.03419064215410551 0.013521664451082887 0.0041583027910596405 0.0005617848104021313
0.7001747269729217 0.7001747269729216 0.7001747269729216 0.7001747269729214 -0.34406120741836893 0.07366607325161853 0.07366607325161864 0.07366607325161843 -0.07160332589736015 -0.376498404222875 0.015330806661387157 0.015330806661387208 -0.017581893795642206 -0.09244759058767957 -0.4178957370082547 0.0037644147271649895 -0.003334840480386048 -0.01753496926948602 -0.07926424971929463 -0.4996429928777007 0.7001747269729214 0.07366607325161867 0.015330806661387116 0.003764414727165137 0.0007140142445986968
0.8245015582231014 0.8245015582231012 0.8245015582231012 0.8245015582231012 -0.3234868523268212 0.03442773270254304 0.0344277327025432 0.03442773270254317 -0.10822792030104003 -0.3772746113588251 0.01151837202741072 0.011518372027410616 -0.02546334364166142 -0.0887633528352269 -0.39281864338025624 0.0027099870745980856 -0.00679939379969498 -0.023702189288311113 -0.10489308418373904 -0.4996381804846296 0.8245015582231018 0.03442773270254332 0.01151837202741069 0.0027099870745981767 0.0007236390307409185
0.6208360576577453 0.6208360576577455 0.6208360576577454 0.6208360576577454 -0.3383504747740974 0.10332059351765643 0.10332059351765649 0.10332059351765653 -0.05606545309922699 -0.34994969095142553 0.01712046035672335 0.017120460356723488 -0.016848496015463003 -0.10516504634631922 -0.3913441744819531 0.005144950984211776 -0.004491005349976484 -0.028031984892799407 -0.10431368946329646 -0.49931430074309735 0.6208360576577452 0.10332059351765648 0.017120460356723172 0.005144950984211729 0.0013713985138052642
0.5554783825590643 0.5554783825590643 0.5554783825590643 0.5554783825590643 -0.3197419282910374 0.12793675108725105 0.1279367510872513 0.1279367510872512 -0.05252996680860426 -0.33566859537942395 0.021018554945652298 0.021018554945652336 -0.02012934246393186 -0.1286273059223148 -0.4455684182500764 0.008054253910716288 -0.0022207802640010306 -0.014190874983408907 -0.049157569418120974 -0.4995557051066567 0.5554783825590642 0.12793675108725128 0.021018554945652437 0.008054253910716399 0.0008885897866868081
0.6970059940340291 0.6970059940340292 0.697005994034029 0.6970059940340292 -0.33069026883784863 0.07187683473798863 0.07187683473798882 0.07187683473798907 -0.07224987542548725 -0.3377286620287634 0.015703795500388255 0.015703795500388494 -0.02523856596098595 -0.11797649564557637 -0.4005545688884653 0.005485701895543649 -0.005985802662339472 -0.027980354463101806 -0.09499908230012222 -0.49934948108656607 0.6970059940340293 0.07187683473798917 0.0157037955003884 0.0054857018955436114 0.0013010378268679909
0.6994851716421981 0.6994851716421981 0.699485171642198 0.6994851716421981 -0.34272030941017073 0.07362024180965325 0.07362024180965318 0.07362024180965301 -0.07132667976844932 -0.37078213814984856 0.015321786505941957 0.015321786505941796 -0.01751408189770593 -0.09104459586292826 -0.39218147080849775 0.003762225082611058 -0.0046731338305575285 -0.024292656817610992 -0.10464245340734325 -0.4994980787056263 0.6994851716421983 0.07362024180965299 0.015321786505941843 0.0037622250826112335 0.0010038425887471099
0.6916260350263927 0.6916260350263926 0.6916260350263924 0.691626035026393 -0.32787959876702416 0.07309552184648782 0.07309552184648758 0.07309552184648771 -0.08366980344111181 -0.38630340970172716 0.018652846863054726 0.018652846863054698 -0.016763449337181643 -0.07739683100693796 -0.39219665878172805 0.0037371433961011207 -0.00447293086106508 -0.020651517894453172 -0.10464842308917723 -0.49950141573812107 0.6916260350263926 0.07309552184648775 0.018652846863054687 0.00373714339610117 0.0009971685237577757
0.704399886785947 0.7043998867859471 0.7043998867859468 0.704399886785947 -0.3456357872930237 0.07252271030368142 0.0725227103036813 0.07252271030368161 -0.0719917252640546 -0.3803711017376641 0.015105597358646444 0.015105597358646593 -0.015879987245163957 -0.08390253493534437 -0.39172219948884535 0.0033320036782847314 -0.0042750722696281275 -0.022587511873652894 -0.10545604896140529 -0.4995514934518706 0.7043998867859473 0.07252271030368124 0.015105597358646744 0.003332003678284818 0.0008970130962589359
0.7022721335434918 0.7022721335434916 0.702272133543492 0.702272133543492 -0.3481796148945779 0.07380527357902891 0.07380527357902905 0.07380527357902904 -0.07245297803569405 -0.39490090583184334 0.015358199150053363 0.01535819915005336 -0.012234074213357312 -0.06668113747496546 -0.3584125702840624 0.0025933143575232157 -0.004746766808435673 -0.02587198709072132 -0.13906249567237647 -0.49949690273651065 0.7022721335434918 0.0738052735790289 0.015358199150053283 0.00259331435752316 0.0010061945269786137
0.7022721335434918 0.7022721335434916 0.702272133543492 0.702272133543492 -0.3481796148945779 0.07380527357902891 0.07380527357902905 0.07380527357902904 -0.07245297803569405 -0.39490090583184334 0.015358199150053363 0.01535819915005336 -0.012234074213357312 -0.06668113747496546 -0.3584125702840624 0.0025933143575232157 -0.004746766808435673 -0.02587198709072132 -0.13906249567237647 -0.49949690273651065 0.7022721335434918 0.0738052735790289 0.015358199150053283 0.00259331435752316 0.0010061945269786137
0.6408532694588398 0.6408532694588397 0.64085326945884 0.6408532694588402 -0.3268408985744165 0.09158402221249466 0.09158402221249479 0.09158402221249491 -0.06483688622320097 -0.3375233698428841 0.018167930800442895 0.018167930800442992 -0.024888180356482142 -0.12956116483230112 -0.4461626081714658 0.006973911993690342 -0.002748422096804655 -0.014307545317193512 -0.04927010144986771 -0.4996149325995294 0.6408532694588401 0.09158402221249486 0.01816793080044311 0.006973911993690275 0.0007701348009411964
0.8174392643535524 0.8174392643535521 0.8174392643535524 0.8174392643535524 -0.3068064036419069 0.03425991703139039 0.03425991703139038 0.03425991703139048 -0.12133042837716193 -0.3826147269492183 0.013548512548115912 0.01354851254811565 -0.024153948261057216 -0.07616932077353095 -0.35863674184226946 0.002697180546368564 -0.009344069307477984 -0.02946646257245241 -0.13874032252462817 -0.49947829146424316 0.8174392643535524 0.034259917031390634 0.013548512548115725 0.0026971805463687428 0.0010434170715139094
0.6650638971992127 0.6650638971992127 0.6650638971992131 0.665063897199213 -0.29858311425037043 0.07518545591656549 0.07518545591656581 0.07518545591656561 -0.10510253223752834 -0.4052782450237688 0.026465601794339842 0.02646560179433975 -0.014497704055448124 -0.055903544199937885 -0.37143279077214525 0.0036506300494890684 -0.004887008582604655 -0.018844439040707518 -0.12520570356670485 -0.49938470738830315 0.6650638971992128 0.07518545591656568 0.02646560179433968 0.0036506300494886456 0.0012305852233935387
0.5850573313763175 0.5850573313763179 0.5850573313763177 0.5850573313763177 -0.34049702546173505 0.12074606780086733 0.1207460678008673 0.1207460678008671 -0.0525892673686701 -0.384055051200955 0.01864905349667751 0.018649053496677368 -0.011520814134263513 -0.08413554863187152 -0.41734534785540534 0.004085477700401525 -0.00219646130161065 -0.016040574433893 -0.0795675457731277 -0.4996105486312448 0.5850573313763173 0.12074606780086704 0.01864905349667728 0.004085477700401482 0.000778902737510471
0.7295177363818344 0.7295177363818346 0.7295177363818343 0.7295177363818348 -0.4050572682808546 0.07509125642577331 0.07509125642577315 0.07509125642577334 -0.029382656246486127 -0.3207466260432406 0.005447083036034578 0.005447083036034688 -0.011422521170536036 -0.12469039884013454 -0.3590074917228352 0.0021175560430898477 -0.004420423191984979 -0.04825417459260631 -0.13893299200893505 -0.4995902614797797 0.7295177363818348 0.07509125642577313 0.005447083036034751 0.002117556043089792 0.0008194770404405016
0.8140758461088502 0.81407584610885 0.8140758461088503 0.81407584610885 -0.2993129120644261 0.03417955476155576 0.03417955476155591 0.034179554761555715 -0.11837259372349525 -0.3579420530771166 0.01351736723128315 0.013517367231283045 -0.03640310213549328 -0.1100778542302745 -0.42370565434530477 0.004156993476655518 -0.0062927579950218795 -0.01902841397153976 -0.07324313004956078 -0.499640704330113 0.81407584610885 0.03417955476155584 0.013517367231283113 0.004156993476655638 0.0007185913397741299
0.8025426490519768 0.8025426490519774 0.802542649051977 0.802542649051977 -0.3786963460855173 0.046587167298880176 0.046587167298880156 0.04658716729888027 -0.057968079254173174 -0.3404457928478314 0.007131224354615442 0.007131224354615477 -0.018306452773111243 -0.10751356451273998 -0.3520955952830963 0.002252057055225374 -0.007572934000403389 -0.044475745153588084 -0.14565337905484704 -0.4995341894015258 0.8025426490519768 0.04658716729888019 0.007131224354615377 0.002252057055225413 0.0009316211969482836
0.7610441245119033 0.7610441245119034 0.7610441245119034 0.7610441245119035 -0.33845680477165885 0.05313505452196053 0.05313505452196057 0.053135054521960726 -0.0897553648669369 -0.39103445477023796 0.014090885863738842 0.014090885863738878 -0.017615132569999664 -0.07674330966652405 -0.39278506610799174 0.0027654371734377554 -0.004703520883228777 -0.020491685670271053 -0.10487986699604805 -0.49963079212021727 0.7610441245119036 0.05313505452196073 0.01409088586373872 0.0027654371734377264 0.0007384157595654646
0.5839953964349298 0.5839953964349299 0.58399539643493 0.5839953964349299 -0.3440156873349643 0.12252845699092128 0.12252845699092159 0.12252845699092155 -0.05212439034741061 -0.40030625904368966 0.018565203146222002 0.01856520314622171 -0.00904993097970932 -0.06950189711467895 -0.40643515538536734 0.0032233241670122027 -0.0020263095228397862 -0.015561704978157382 -0.09100217754376762 -0.4996391435211239 0.5839953964349297 0.12252845699092156 0.01856520314622175 0.003223324167012168 0.000721712957751837
0.8088057888175894 0.8088057888175891 0.8088057888175894 0.8088057888175891 -0.38024296777499755 0.0449429611450243 0.04494296114502444 0.04494296114502456 -0.05022335210084318 -0.29566820330013754 0.0059361680644589195 0.005936168064458857 -0.029212804928952594 -0.17197771923622407 -0.43473914905740924 0.003452818508496325 -0.004223162909258191 -0.02486204001511084 -0.06284826992707285 -0.49975042083269733 0.8088057888175892 0.0449429611450244 0.005936168064459023 0.003452818508496242 0.0004991583346051315
0.6994851716421981 0.6994851716421981 0.699485171642198 0.6994851716421981 -0.34272030941017073 0.07362024180965325 0.07362024180965318 0.07362024180965301 -0.07132667976844932 -0.37078213814984856 0.015321786505941957 0.015321786505941796 -0.01751408189770593 -0.09104459586292826 -0.39218147080849775 0.003762225082611058 -0.0046731338305575285 -0.024292656817610992 -0.10464245340734325 -0.4994980787056263 0.6994851716421983 0.07362024180965299 0.015321786505941843 0.0037622250826112335 0.0010038425887471099
0.692140998299269 0.6921409982992689 0.6921409982992686 0.692140998299269 -0.32882778562955395 0.07313003713414244 0.07313003713414279 0.0731300371341429 -0.0684601315034125 -0.3183576333047518 0.015225270423749908 0.015225270423749798 -0.032851984894479665 -0.15277037789284253 -0.4596075735415349 0.007306155319763878 -0.0025676916442794596 -0.011940442078883708 -0.03592265520700809 -0.4997144776179184 0.692140998299269 0.07313003713414283 0.015225270423749932 0.007306155319764132 0.0005710447641632874
0.7610441245119033 0.7610441245119034 0.7610441245119034 0.7610441245119035 -0.33845680477165885 0.05313505452196053 0.05313505452196057 0.053135054521960726 -0.0897553648669369 -0.39103445477023796 0.014090885863738842 0.014090885863738878 -0.017615132569999664 -0.07674330966652405 -0.39278506610799174 0.0027654371734377554 -0.004703520883228777 -0.020491685670271053 -0.10487986699604805 -0.49963079212021727 0.7610441245119036 0.05313505452196073 0.01409088586373872 0.0027654371734377264 0.0007384157595654646
0.6505211182099854 0.6505211182099854 0.6505211182099851 0.6505211182099853 -0.33498431013530244 0.08998166150656431 0.08998166150656432 0.08998166150656413 -0.06888537101180478 -0.3782991449987259 0.018503613302469964 0.018503613302469923 -0.01572256214633464 -0.08634390335400065 -0.40593148739030366 0.004223309039447254 -0.0035134925348276167 -0.019295115963835936 -0.09071277552111504 -0.4995281123825665 0.6505211182099854 0.0899816615065642 0.01850361330246993 0.0042233090394472 0.0009437752348669692
0.6994851716421981 0.6994851716421981 0.699485171642198 0.6994851716421981 -0.34272030941017073 0.07362024180965325 0.07362024180965318 0.07362024180965301 -0.07132667976844932 -0.37078213814984856 0.015321786505941957 0.015321786505941796 -0.01751408189770593 -0.09104459586292826 -0.39218147080849775 0.003762225082611058 -0.0046731338305575285 -0.024292656817610992 -0.10464245340734325 -0.4994980787056263 0.6994851716421983 0.07362024180965299 0.015321786505941843 0.0037622250826112335 0.0010038425887471099
0.6500147724455746 0.6500147724455746 0.6500147724455752 0.6500147724455747 -0.34341123734033197 0.09245086814958982 0.09245086814958982 0.09245086814958961 -0.06808067907223422 -0.40933865541458414 0.018328223424453654 0.01832822342445341 -0.009197437227657855 -0.055300073961291656 -0.358487596739445 0.0024760723121170763 -0.003568820467977049 -0.02145772033542409 -0.13910156069479565 -0.49951961305475934 0.6500147724455747 0.09245086814958992 0.01832822342445356 0.002476072312117374 0.0009607738904814811
0.8183989933882728 0.8183989933882729 0.8183989933882732 0.8183989933882729 -0.30899614450253193 0.03428279563766532 0.034282795637665474 0.03428279563766549 -0.122194754690337 -0.390227596026602 0.013557378878587167 0.01355737887858721 -0.024325844251034016 -0.07768431425272318 -0.3928253408783124 0.002698926708339851 -0.006495703556663046 -0.020743957380508524 -0.10489572068118988 -0.4996396542780259 0.8183989933882727 0.034282795637665425 0.013557378878587056 0.0026989267083397405 0.000720691443948135
0.7135532525400861 0.7135532525400861 0.7135532525400862 0.7135532525400861 -0.3227153702453419 0.06477496096684603 0.0647749609668461 0.0647749609668461 -0.09298081132838283 -0.39154353257145796 0.01866297356671567 0.01866297356671546 -0.017462060386355 -0.07353298720423643 -0.39233725554226173 0.003504959429316699 -0.004660129078786621 -0.019623870513486227 -0.10470369548558665 -0.49953231282577376 0.7135532525400856 0.0647749609668459 0.018662973566715462 0.003504959429316686 0.0009353743484524453
0.6994851716421981 0.6994851716421981 0.699485171642198 0.6994851716421981 -0.34272030941017073 0.07362024180965325 0.07362024180965318 0.07362024180965301 -0.07132667976844932 -0.37078213814984856 0.015321786505941957 0.015321786505941796 -0.01751408189770593 -0.09104459586292826 -0.39218147080849775 0.003762225082611058 -0.0046731338305575285 -0.024292656817610992 -0.10464245340734325 -0.4994980787056263 0.6994851716421983 0.07362024180965299 0.015321786505941843 0.0037622250826112335 0.0010038425887471099
0.6476264394370788 0.6476264394370789 0.6476264394370786 0.6476264394370786 -0.33900268666194566 0.09222568479700857 0.09222568479700832 0.09222568479700845 -0.06721780016717406 -0.3881656564018338 0.018286603306916942 0.01828660330691698 -0.013204659177254928 -0.07625353975217869 -0.3922843505407208 0.0035923276807177497 -0.003523724428158944 -0.020348610074023582 -0.10468289489559825 -0.4995206853644394 0.6476264394370794 0.09222568479700867 0.018286603306917133 0.0035923276807178525 0.0009586292711214045
0.7633538206641438 0.7633538206641437 0.7633538206641433 0.7633538206641435 -0.3434187884865893 0.05323137318995369 0.05323137318995381 0.053231373189953815 -0.09106511336979256 -0.41207254502877916 0.014115479982138909 0.014115479982138952 -0.012294067155575569 -0.055631046336930924 -0.358852636953152 0.0019056327106179815 -0.004772046994134314 -0.021593664984358756 -0.13929171085850917 -0.4996301562073172 0.7633538206641436 0.0532313731899536 0.014115479982139096 0.0019056327106178885 0.0007396875853653519
0.7243069522758908 0.724306952275891 0.7243069522758911 0.7243069522758911 -0.345373187103829 0.0657297201522475 0.06572972015224741 0.06572972015224764 -0.07229957017689076 -0.36286007978076457 0.013759697313810881 0.01375969731381083 -0.017773603113762818 -0.08920289606248555 -0.35689446570461586 0.003382584411260292 -0.006962104342360659 -0.034941697868051284 -0.1397992569960381 -0.4993375033338119 0.7243069522758911 0.06572972015224751 0.013759697313810734 0.003382584411260199 0.0013249933323762435
0.7135532525400861 0.7135532525400861 0.7135532525400862 0.7135532525400861 -0.3227153702453419 0.06477496096684603 0.0647749609668461 0.0647749609668461 -0.09298081132838283 -0.39154353257145796 0.01866297356671567 0.01866297356671546 -0.017462060386355 -0.07353298720423643 -0.39233725554226173 0.003504959429316699 -0.004660129078786621 -0.019623870513486227 -0.10470369548558665 -0.49953231282577376 0.7135532525400856 0.0647749609668459 0.018662973566715462 0.003504959429316686 0.0009353743484524453
0.7029218478266858 0.7029218478266857 0.7029218478266853 0.7029218478266857 -0.34946767525988265 0.07384833145498401 0.07384833145498415 0.07384833145498412 -0.07271870242923219 -0.4009341133083284 0.015366671140547539 0.015366671140547473 -0.012278858050252025 -0.06769940744759033 -0.3879301617190021 0.002594726904310838 -0.003476439152335661 -0.019167325632199896 -0.10983233107285822 -0.4996326852968392 0.7029218478266857 0.07384833145498415 0.015366671140547662 0.002594726904310845 0.0007346294063217914
0.651594231169368 0.6515942311693679 0.6515942311693674 0.6515942311693675 -0.3590802945109573 0.0959996575295811 0.09599965752958095 0.09599965752958095 -0.048881109639378216 -0.35228159121824554 0.013068302150740996 0.013068302150740794 -0.013486885685020563 -0.09719872533069752 -0.3580556171914906 0.003605701640258018 -0.005214568627729252 -0.03758090901057139 -0.13843860117111767 -0.49930294587300006 0.6515942311693673 0.09599965752958127 0.013068302150740925 0.00360570164025833 0.0013941082539999543
0.3958776863594519 0.395877686359452 0.3958776863594522 0.39587768635945203 -0.31522001867598004 0.24051803568367913 0.24051803568367916 0.24051803568367894 -0.025009924051145174 -0.4047951017022156 0.019082981565211744 0.01908298156521154 -0.004186065324510083 -0.06775305415969972 -0.418812130911683 0.0031940363855179326 -0.0007874559580070118 -0.012745273194578079 -0.07878427167417394 -0.49969957910509183 0.39587768635945214 0.24051803568367908 0.019082981565211782 0.0031940363855179985 0.0006008417898163944
0.6555127200014481 0.6555127200014476 0.6555127200014478 0.6555127200014481 -0.3668037902232716 0.096381989343315 0.09638198934331516 0.09638198934331545 -0.04991745565392287 -0.39338324854923407 0.013116395760123698 0.013116395760123713 -0.009471525957029504 -0.07464201852607631 -0.38799485648239945 0.002488754310035009 -0.0026818193273413964 -0.021134546727018082 -0.10985897201192563 -0.49964766029043606 0.6555127200014477 0.09638198934331521 0.013116395760123627 0.002488754310034964 0.0007046794191279607
0.7980894365514658 0.7980894365514657 0.7980894365514657 0.7980894365514657 -0.3670997508850146 0.046436723848449164 0.0464367238484491 0.04643672384844926 -0.05619979883141754 -0.2948948414065463 0.007109061045074026 0.007109061045073906 -0.03267311470617394 -0.17144426100950197 -0.4345296506649658 0.00413302488280515 -0.0047058989000672 -0.024693065432021044 -0.06258517510497794 -0.49970236083359587 0.7980894365514658 0.04643672384844926 0.007109061045073728 0.004133024882805156 0.0005952783328083071
0.7022721335434918 0.7022721335434916 0.702272133543492 0.702272133543492 -0.3481796148945779 0.07380527357902891 0.07380527357902905 0.07380527357902904 -0.07245297803569405 -0.39490090583184334 0.015358199150053363 0.01535819915005336 -0.012234074213357312 -0.06668113747496546 -0.3584125702840624 0.0025933143575232157 -0.004746766808435673 -0.02587198709072132 -0.13906249567237647 -0.49949690273651065 0.7022721335434918 0.0738052735790289 0.015358199150053283 0.00259331435752316 0.0010061945269786137
0.8183989933882728 0.8183989933882729 0.8183989933882732 0.8183989933882729 -0.30899614450253193 0.03428279563766532 0.034282795637665474 0.03428279563766549 -0.122194754690337 -0.390227596026602 0.013557378878587167 0.01355737887858721 -0.024325844251034016 -0.07768431425272318 -0.3928253408783124 0.002698926708339851 -0.006495703556663046 -0.020743957380508524 -0.10489572068118988 -0.4996396542780259 0.8183989933882727 0.034282795637665425 0.013557378878587056 0.0026989267083397405 0.000720691443948135
0.6916260350263927 0.6916260350263926 0.6916260350263924 0.691626035026393 -0.32787959876702416 0.07309552184648782 0.07309552184648758 0.07309552184648771 -0.08366980344111181 -0.38630340970172716 0.018652846863054726 0.018652846863054698 -0.016763449337181643 -0.07739683100693796 -0.39219665878172805 0.0037371433961011207 -0.00447293086106508 -0.020651517894453172 -0.10464842308917723 -0.49950141573812107 0.6916260350263926 0.07309552184648775 0.018652846863054687 0.00373714339610117 0.0009971685237577757
0.7253607238560869 0.7253607238560867 0.725360723856087 0.7253607238560867 -0.34751479170325933 0.06578879149625824 0.06578879149625805 0.06578879149625814 -0.07274470036661981 -0.37174291075890536 0.013771459630310914 0.013771459630310616 -0.01788287421684534 -0.09138578728899333 -0.3924096255340425 0.0033854463501814033 -0.0047728490940622025 -0.024390406529927425 -0.104732153401108 -0.49954822070687505 0.7253607238560866 0.06578879149625805 0.013771459630310722 0.0033854463501813907 0.0009035585862498421
0.7601585557643885 0.7601585557643881 0.7601585557643884 0.7601585557643885 -0.33658024757899463 0.05309806228474965 0.05309806228474962 0.05309806228474962 -0.08926002451158484 -0.3834787339502075 0.014081439345135761 0.014081439345135846 -0.01751804963992077 -0.07526100887774022 -0.35859425492718483 0.0027636039178726064 -0.006776665238115953 -0.029113895275480025 -0.138718251854668 -0.49946546507781636 0.7601585557643886 0.05309806228474972 0.014081439345135865 0.002763603917872639 0.0010690698443673642
0.8035581794888655 0.8035581794888655 0.8035581794888652 0.8035581794888658 -0.38141561518509787 0.0466213771017767 0.04662137710177665 0.046621377101776704 -0.05838270892929055 -0.35274038525515816 0.007136263385270269 0.007136263385270305 -0.0183010654397816 -0.11057254780053094 -0.39310506543913587 0.0022369846415918747 -0.004888564231619422 -0.029536040071291264 -0.10500587348302161 -0.49970122933165956 0.8035581794888658 0.04662137710177675 0.007136263385270451 0.0022369846415919168 0.0005975413366809279
0.6492967923757171 0.6492967923757169 0.6492967923757171 0.6492967923757171 -0.33277221707662014 0.08986975240552565 0.08986975240552547 0.08986975240552561 -0.06843606298164978 -0.36882361551934517 0.018482107940981787 0.018482107940981835 -0.016764928796222496 -0.09035151034630895 -0.3917180044850695 0.004527601532509884 -0.0044707442779274185 -0.02409425669459977 -0.10446039159482921 -0.4993963067517243 0.6492967923757167 0.08986975240552542 0.018482107940981533 0.004527601532509845 0.0012073864965512725
0.6902529111286811 0.6902529111286814 0.6902529111286817 0.6902529111286816 -0.34317940574946737 0.07699990842318219 0.07699990842318223 0.07699990842318219 -0.0677460347028452 -0.36230448605791254 0.015200324905163522 0.015200324905163593 -0.016636365256031713 -0.08897096029895171 -0.35797436029013485 0.0037327373955074643 -0.006431783854302691 -0.03439705591611298 -0.13839643908597518 -0.4992784433455476 0.6902529111286817 0.07699990842318201 0.01520032490516335 0.0037327373955074092 0.0014431133089046141
0.8010822814350562 0.8010822814350559 0.8010822814350559 0.8010822814350557 -0.37483532756961213 0.04653790873025047 0.04653790873025013 0.046537908730250294 -0.05737934987401428 -0.3241223730137963 0.007123968182913569 0.007123968182913583 -0.025837387370456894 -0.14594928881865543 -0.4326775152847685 0.0032078565888407503 -0.0038849265970081633 -0.02194503127643328 -0.06505767641890675 -0.4997588322843427 0.801082281435056 0.04653790873025031 0.007123968182913843 0.003207856588840687 0.0004823354313147053
0.3426380644819319 0.34263806448193185 0.3426380644819321 0.3426380644819316 -0.2932286238225735 0.2812841824751078 0.28128418247510756 0.28128418247510745 -0.022581888987701554 -0.40696076012302235 0.021662033193910718 0.021662033193910312 -0.0037717224567486007 -0.0679723046556243 -0.44123511519183495 0.0036180842577342985 -0.0004813858424166127 -0.008675321557425026 -0.05631494365404083 -0.4997691115188993 0.34263806448193196 0.2812841824751073 0.021662033193910822 0.003618084257734711 0.0004617769622015813
0.6486262547317077 0.6486262547317075 0.6486262547317073 0.6486262547317074 -0.34084042848890694 0.09232002021451843 0.09232002021451828 0.09232002021451824 -0.0657858891992049 -0.38626703056047906 0.017818762426823866 0.017818762426823908 -0.013275140044748012 -0.07794603049039991 -0.3922823062115789 0.003595703721871167 -0.0035425238371000123 -0.0208002077634437 -0.10468209118267574 -0.4995202360915613 0.6486262547317073 0.0923200202145182 0.017818762426823734 0.0035957037218710465 0.0009595278168772728
0.6512443004056332 0.651244300405633 0.6512443004056333 0.651244300405633 -0.358399563481821 0.09596543909755854 0.0959654390975586 0.09596543909755863 -0.048789758568703274 -0.3489912849722625 0.013063996392805182 0.013063996392805232 -0.013461722255457399 -0.09629118662795362 -0.34662750844877344 0.0036045247229210212 -0.005813954379359121 -0.04158699426162427 -0.14970421187638966 -0.4992216247705661 0.6512443004056329 0.09596543909755863 0.013063996392805175 0.0036045247229208525 0.00155675045886771
0.6476264394370788 0.6476264394370789 0.6476264394370786 0.6476264394370786 -0.33900268666194566 0.09222568479700857 0.09222568479700832 0.09222568479700845 -0.06721780016717406 -0.3881656564018338 0.018286603306916942 0.01828660330691698 -0.013204659177254928 -0.07625353975217869 -0.3922843505407208 0.0035923276807177497 -0.003523724428158944 -0.020348610074023582 -0.10468289489559825 -0.4995206853644394 0.6476264394370794 0.09222568479700867 0.018286603306917133 0.0035923276807178525 0.0009586292711214045
0.5925023192202854 0.5925023192202853 0.5925023192202852 0.5925023192202853 -0.3599758509801146 0.12378797487589507 0.12378797487589516 0.123787974875895 -0.04021745295091549 -0.37486623857173546 0.013829919540173114 0.013829919540173081 -0.00945945620380183 -0.08817144065242144 -0.3887690703905696 0.0032529041148384903 -0.0026385632310416754 -0.024594005862614704 -0.10844088205477627 -0.4995463273465938 0.5925023192202852 0.12378797487589531 0.013829919540173421 0.0032529041148389917 0.0009073453068124164
0.6212155866752263 0.6212155866752267 0.621215586675227 0.6212155866752268 -0.33903753580067 0.10336358009033121 0.10336358009033132 0.10336358009033121 -0.056177474636958685 -0.3529361961987145 0.017127026614315043 0.017127026614315 -0.01678035397891826 -0.10542293583790059 -0.4007750437374238 0.0051158862346847 -0.003980894829953879 -0.025010057640196225 -0.09507804791205222 -0.49939316521308563 0.6212155866752261 0.1033635800903313 0.017127026614314936 0.005115886234684586 0.001213669573828581
0.6476264394370788 0.6476264394370789 0.6476264394370786 0.6476264394370786 -0.33900268666194566 0.09222568479700857 0.09222568479700832 0.09222568479700845 -0.06721780016717406 -0.3881656564018338 0.018286603306916942 0.01828660330691698 -0.013204659177254928 -0.07625353975217869 -0.3922843505407208 0.0035923276807177497 -0.003523724428158944 -0.020348610074023582 -0.10468289489559825 -0.4995206853644394 0.6476264394370794 0.09222568479700867 0.018286603306917133 0.0035923276807178525 0.0009586292711214045
0.6232450700049779 0.6232450700049779 0.6232450700049778 0.6232450700049783 -0.34273699787842654 0.10359316090647903 0.10359316090647916 0.10359316090647913 -0.056780607189154654 -0.36970347343264726 0.017162088170592275 0.017162088170592473 -0.014130152317653622 -0.0920026510911758 -0.3980024407687025 0.004270875778619667 -0.0034965059276965953 -0.02276605429809729 -0.09848569655167887 -0.49947158593408286 0.623245070004978 0.10359316090647891 0.017162088170592345 0.0042708757786196 0.0010568281318343305
0.5591337595958518 0.5591337595958518 0.5591337595958519 0.5591337595958519 -0.3260602936275123 0.12854614242979842 0.1285461424297984 0.1285461424297984 -0.05354382686274586 -0.36300640103839543 0.02110914002303495 0.021109140023034975 -0.015088414766692001 -0.10229360624282058 -0.4311276794341682 0.005948462758408773 -0.002263450338735001 -0.0153453163424347 -0.06467452725435058 -0.4995538282101313 0.5591337595958521 0.1285461424297984 0.02110914002303487 0.005948462758409033 0.0008923435797377134
0.6403745233197541 0.6403745233197542 0.640374523319754 0.6403745233197542 -0.3556533582495142 0.099865003865517 0.09986500386551694 0.09986500386551718 -0.05171425017569388 -0.371278401246767 0.014521003876124839 0.014521003876124847 -0.012705860931360469 -0.09122073155914208 -0.39229925275833094 0.0035677178960725306 -0.0033906787647268975 -0.024343112133160975 -0.10468875371230553 -0.49952396042369335 0.640374523319754 0.09986500386551717 0.014521003876124794 0.0035677178960724087 0.0009520791526130316
0.536043354417773 0.536043354417773 0.5360433544177732 0.536043354417773 -0.3465588270123408 0.1499769277544705 0.1499769277544705 0.1499769277544705 -0.03403134099655781 -0.3426308325688354 0.014727415873457779 0.014727415873457545 -0.012318916692726842 -0.12402804471331454 -0.43220063701685996 0.005331139001035048 -0.001825589515632875 -0.018380211809268632 -0.06404954033446808 -0.49960497859879127 0.5360433544177732 0.1499769277544705 0.014727415873457701 0.0053311390010347785 0.0007900428024176228
0.7610441245119033 0.7610441245119034 0.7610441245119034 0.7610441245119035 -0.33845680477165885 0.05313505452196053 0.05313505452196057 0.053135054521960726 -0.0897553648669369 -0.39103445477023796 0.014090885863738842 0.014090885863738878 -0.017615132569999664 -0.07674330966652405 -0.39278506610799174 0.0027654371734377554 -0.004703520883228777 -0.020491685670271053 -0.10487986699604805 -0.49963079212021727 0.7610441245119036 0.05313505452196073 0.01409088586373872 0.0027654371734377264 0.0007384157595654646
0.6994851716421981 0.6994851716421981 0.699485171642198 0.6994851716421981 -0.34272030941017073 0.07362024180965325 0.07362024180965318 0.07362024180965301 -0.07132667976844932 -0.37078213814984856 0.015321786505941957 0.015321786505941796 -0.01751408189770593 -0.09104459586292826 -0.39218147080849775 0.003762225082611058 -0.0046731338305575285 -0.024292656817610992 -0.10464245340734325 -0.4994980787056263 0.6994851716421983 0.07362024180965299 0.015321786505941843 0.0037622250826112335 0.0010038425887471099
0.6912952478266003 0.6912952478265999 0.6912952478265997 0.6912952478265999 -0.34518976307283666 0.07707395689267323 0.07707395689267305 0.07707395689267313 -0.0681391333758338 -0.3708488720192509 0.01521410305381792 0.015214103053817728 -0.01673272700517244 -0.09106826911706864 -0.39219730111485507 0.003736082635861301 -0.004464736791166532 -0.024299437354661592 -0.10464867556510461 -0.4995015568713333 0.6912952478266005 0.07707395689267338 0.015214103053818 0.003736082635861427 0.0009968862573334744
0.5839096519494924 0.583909651949493 0.5839096519494925 0.5839096519494925 -0.34385851250742855 0.1225157074143738 0.12251570741437375 0.1225157074143737 -0.05210107771091615 -0.39943299147699574 0.0185634502582401 0.018563450258240174 -0.009045896262158428 -0.06935037744578898 -0.4016648821823562 0.0032230244110397987 -0.0021556846151424285 -0.01652655937915236 -0.09571885215903798 -0.49961596817298404 0.5839096519494923 0.12251570741437348 0.01856345025824023 0.0032230244110399643 0.0007680636540317333
0.4436802107795959 0.4436802107795964 0.4436802107795962 0.44368021077959585 -0.3436006924367375 0.21541626169951936 0.21541626169951905 0.215416261699519 -0.01682812878792957 -0.33115498265080745 0.010550190016166085 0.010550190016166089 -0.006719967511447834 -0.13223993901589742 -0.41729647618185184 0.004213001638012845 -0.0012805646719782164 -0.025199793576355142 -0.07952049235790155 -0.4995985828018192 0.4436802107795964 0.21541626169951947 0.010550190016166337 0.004213001638012888 0.0008028343963621975
0.6994851716421981 0.6994851716421981 0.699485171642198 0.6994851716421981 -0.34272030941017073 0.07362024180965325 0.07362024180965318 0.07362024180965301 -0.07132667976844932 -0.37078213814984856 0.015321786505941957 0.015321786505941796 -0.01751408189770593 -0.09104459586292826 -0.39218147080849775 0.003762225082611058 -0.0046731338305575285 -0.024292656817610992 -0.10464245340734325 -0.4994980787056263 0.6994851716421983 0.07362024180965299 0.015321786505941843 0.0037622250826112335 0.0010038425887471099
0.6492967923757171 0.6492967923757169 0.6492967923757171 0.6492967923757171 -0.33277221707662014 0.08986975240552565 0.08986975240552547 0.08986975240552561 -0.06843606298164978 -0.36882361551934517 0.018482107940981787 0.018482107940981835 -0.016764928796222496 -0.09035151034630895 -0.3917180044850695 0.004527601532509884 -0.0044707442779274185 -0.02409425669459977 -0.10446039159482921 -0.4993963067517243 0.6492967923757167 0.08986975240552542 0.018482107940981533 0.004527601532509845 0.0012073864965512725
0.6994851716421981 0.6994851716421981 0.699485171642198 0.6994851716421981 -0.34272030941017073 0.07362024180965325 0.07362024180965318 0.07362024180965301 -0.07132667976844932 -0.37078213814984856 0.015321786505941957 0.015321786505941796 -0.01751408189770593 -0.09104459586292826 -0.39218147080849775 0.003762225082611058 -0.0046731338305575285 -0.024292656817610992 -0.10464245340734325 -0.4994980787056263 0.6994851716421983 0.07362024180965299 0.015321786505941843 0.0037622250826112335 0.0010038425887471099
0.6915904593855087 0.6915904593855088 0.6915904593855087 0.6915904593855088 -0.32781421670812894 0.0730931367038258 0.07309313670382592 0.07309313670382603 -0.06825097030354145 -0.31495930543920697 0.015218002296121384 0.015218002296121346 -0.032751736600357455 -0.15114018402521012 -0.445981777085139 0.0073026947539284225 -0.0036157508465442974 -0.01668568769358176 -0.04923583160537951 -0.4995968958064611 0.6915904593855086 0.07309313670382574 0.015218002296121316 0.007302694753928388 0.0008062083870777207
0.6521207185688239 0.6521207185688239 0.6521207185688238 0.6521207185688238 -0.3601072389287193 0.09605111749218731 0.09605111749218725 0.09605111749218732 -0.055054304993478374 -0.40133654029342164 0.014684590993257116 0.014684590993257078 -0.009301343623520412 -0.06780521651097239 -0.38799962701466983 0.0024809399885317358 -0.002633647693031323 -0.01919884473336141 -0.10986093665007927 -0.49964876462252056 0.6521207185688241 0.09605111749218764 0.014684590993257179 0.0024809399885316595 0.0007024707549588481
0.6963556659716911 0.6963556659716917 0.6963556659716916 0.6963556659716916 -0.358102891179512 0.07807498324443547 0.0780749832444355 0.07807498324443554 -0.06489061349713761 -0.4000538786059321 0.014147703596647255 0.01414770359664744 -0.010554931611106334 -0.06507168143247093 -0.36554851341863764 0.002301227186323428 -0.0038192772407804445 -0.023546035263064806 -0.13227287197501372 -0.49958365317074427 0.6963556659716914 0.07807498324443529 0.014147703596647325 0.0023012271863233893 0.0008326936585114316
