194.810324885503
384.678024653089
588.540910939901
798.735525181655
1016.50718875958
229.572161698779
384.678024653089
600.54902697976
774.877138302442
1185.83891316037
187.846569504789
315.42791157381
579.361193032379
798.735525181655
1053.19522645511
225.700327078274
456.943530607525
489.574522290978
798.735525181655
1067.19949286097
192.375551996443
459.640652459836
576.745604722173
798.735525181655
1016.50718875958
194.810324885503
384.678024653089
588.540910939901
798.735525181655
1016.50718875958
192.375551996443
459.640652459836
576.745604722173
839.980298246724
1024.0243921913
194.810324885503
384.678024653089
589.628275412571
770.142239169396
1016.50718875958
199.071690561483
396.927725093433
565.956388724642
919.571804047895
1027.58788522071
194.810324885503
324.233561967727
504.054281719512
646.359135464209
1016.50718875958
194.810324885503
384.678024653089
521.709824477129
851.679837004893
1016.50718875958
192.375551996443
384.678024653089
576.745604722173
798.735525181655
1016.50718875958
168.742809842059
382.99107677414
501.336352766095
839.980298246724
1024.0243921913
194.810324885503
384.678024653089
589.628275412571
798.735525181655
1016.50718875958
194.810324885503
402.505028985061
705.61733572767
647.18819841453
1226.22555404187
202.87037042483
392.094375504338
597.732742018764
934.333600925377
1016.50718875958
194.810324885503
457.000246556882
526.882831674017
912.598687960454
1016.50718875958
192.375551996443
459.640652459836
576.745604722173
798.735525181655
1016.50718875958
194.810324885503
377.301305261915
680.345300414259
976.001016621013
832.48132953379
192.375551996443
384.678024653089
576.745604722173
847.299187586236
832.48132953379
194.810324885503
384.678024653089
521.709824477129
798.735525181655
1016.50718875958
194.810324885503
384.678024653089
516.745020229477
810.600746699262
1016.50718875958
192.375551996443
459.640652459836
576.745604722173
731.943345534389
1133.77553620934
194.810324885503
384.678024653089
589.628275412571
798.735525181655
1016.50718875958
182.530128546266
450.55979021749
467.089103450313
798.735525181655
1016.50718875958
194.810324885503
384.678024653089
588.540910939901
943.927776822676
846.898686094184
194.810324885503
384.678024653089
589.628275412571
798.735525181655
1016.50718875958
175.550036142396
384.678024653089
589.628275412571
798.735525181655
1016.50718875958
188.262644615682
384.678024653089
589.628275412571
775.132731305196
926.690359387699
192.375551996443
384.678024653089
576.745604722173
798.735525181655
1016.50718875958
194.810324885503
384.678024653089
588.540910939901
839.980298246724
1024.0243921913
194.810324885503
384.678024653089
589.628275412571
798.735525181655
1016.50718875958
248.331725964683
430.420280403345
576.745604722173
816.334974573604
1016.50718875958
225.700327078274
459.640652459836
576.745604722173
820.332808650495
1000.07513833053
168.100453162259
384.678024653089
625.274085125216
798.735525181655
1016.50718875958
194.810324885503
384.678024653089
589.628275412571
798.735525181655
1016.50718875958
194.810324885503
396.927725093433
565.956388724642
798.735525181655
1016.50718875958
202.555477621222
332.32720201837
669.64194976072
798.735525181655
1069.62566945741
225.700327078274
459.640652459836
576.745604722173
798.735525181655
1016.50718875958
192.375551996443
360.704309992991
576.745604722173
950.983988521671
1016.50718875958
194.810324885503
384.678024653089
588.540910939901
798.735525181655
1016.50718875958
168.100453162259
384.678024653089
625.274085125216
798.735525181655
1016.50718875958
194.810324885503
384.678024653089
588.540910939901
798.735525181655
1016.50718875958
225.243385734266
352.82519531641
576.745604722173
798.735525181655
1016.50718875958
192.375551996443
384.678024653089
576.745604722173
798.735525181655
1016.50718875958
225.700327078274
420.616771457365
576.745604722173
820.332808650495
1000.07513833053
177.945479555781
424.342373554181
516.327257882434
798.735525181655
1193.75037820448
220.019285086593
384.678024653089
576.745604722173
851.679837004893
1016.50718875958
194.810324885503
384.678024653089
589.628275412571
798.735525181655
1016.50718875958
192.375551996443
376.358299093715
556.61677675092
829.510757376321
1024.0243921913
194.810324885503
384.678024653089
589.628275412571
798.735525181655
1016.50718875958
231.607273870129
449.282182015654
589.243316258909
930.851833313493
834.066035512046
194.810324885503
384.217720684899
565.956388724642
938.469378638997
1016.50718875958
194.810324885503
384.678024653089
589.243316258909
659.011982479201
1186.64594650781
194.810324885503
384.678024653089
589.628275412571
659.011982479201
1186.64594650781
194.810324885503
384.678024653089
521.709824477129
798.735525181655
1016.50718875958
192.375551996443
384.678024653089
576.745604722173
943.927776822676
846.898686094184
226.86031474773
384.678024653089
589.628275412571
798.735525181655
1016.50718875958
165.712454876222
310.654703360396
576.745604722173
659.011982479201
1186.64594650781
192.375551996443
384.678024653089
576.745604722173
848.776834324875
1016.50718875958
203.54725724487
384.678024653089
576.745604722173
798.735525181655
1016.50718875958
192.375551996443
459.640652459836
576.745604722173
943.927776822676
846.898686094184
194.810324885503
384.678024653089
589.628275412571
798.735525181655
1016.50718875958
202.87037042483
392.094375504338
597.732742018764
976.001016621013
832.48132953379
159.956850801305
384.678024653089
787.523017516798
943.927776822676
846.898686094184
192.375551996443
360.704309992991
576.745604722173
884.4498683771
1016.50718875958
168.742809842059
382.99107677414
501.336352766095
869.752268042802
1016.50718875958
225.243385734266
352.82519531641
576.745604722173
951.401262002913
1016.50718875958
194.810324885503
384.678024653089
670.875096158041
798.735525181655
1016.50718875958
230.796978092813
394.050292018957
627.196474309753
798.735525181655
1016.50718875958
230.796978092813
394.050292018957
627.196474309753
798.735525181655
1016.50718875958
194.810324885503
384.678024653089
589.628275412571
775.132731305196
926.690359387699
168.742809842059
430.287097137771
460.51991155112
847.299187586236
832.48132953379
194.810324885503
384.678024653089
589.628275412571
839.980298246724
1024.0243921913
192.375551996443
384.678024653089
576.745604722173
951.401262002913
1016.50718875958
225.700327078274
503.946163014635
547.420439034304
811.474657178501
1200.90885815047
192.375551996443
384.678024653089
576.745604722173
798.735525181655
1016.50718875958
158.932634649529
310.654703360396
576.745604722173
659.011982479201
1164.45646650522
192.375551996443
459.640652459836
576.745604722173
798.735525181655
1016.50718875958
194.810324885503
384.678024653089
589.628275412571
798.735525181655
1016.50718875958
194.810324885503
396.927725093433
565.956388724642
919.571804047895
1016.50718875958
168.742809842059
382.99107677414
501.336352766095
847.299187586236
832.48132953379
194.810324885503
384.678024653089
589.628275412571
798.735525181655
1016.50718875958
194.810324885503
384.678024653089
589.243316258909
798.735525181655
1016.50718875958
194.810324885503
384.678024653089
589.628275412571
798.735525181655
1016.50718875958
194.810324885503
380.018787076431
635.501369938573
798.735525181655
1016.50718875958
230.796978092813
394.050292018957
662.79100548186
798.735525181655
1016.50718875958
194.810324885503
384.678024653089
589.628275412571
847.299187586236
832.48132953379
194.810324885503
396.927725093433
565.956388724642
798.735525181655
1016.50718875958
182.530128546266
450.55979021749
467.089103450313
912.598687960454
1016.50718875958
194.810324885503
396.927725093433
565.956388724642
798.735525181655
1016.50718875958
195.405694191255
384.678024653089
589.628275412571
839.980298246724
1024.0243921913
214.084104165476
384.678024653089
576.745604722173
815.471981677894
988.877575874795
211.307893507765
384.678024653089
640.571427870025
775.132731305196
926.690359387699
194.810324885503
384.678024653089
589.628275412571
798.735525181655
1016.50718875958
194.810324885503
384.678024653089
589.628275412571
798.735525181655
1016.50718875958
192.375551996443
422.189673933628
562.070463707406
773.986229344382
941.700199825556
159.956850801305
384.678024653089
787.523017516798
941.575510594072
1016.50718875958
194.810324885503
384.678024653089
589.628275412571
941.575510594072
1016.50718875958
194.810324885503
396.927725093433
565.956388724642
798.735525181655
1016.50718875958
