0.6988725252976653 0.6988725252976656 0.6988725252976656 0.6988725252976659 -0.3419787230476941 0.07367523085087646 0.07367523085087647 0.07367523085087649 -0.07159572647592075 -0.37007059914082585 0.015424444038625307 0.015424444038625165 -0.017715832508782146 -0.0915712302047598 -0.39244186831445127 0.0038166644935334155 -0.004710182040461445 -0.024346423670442326 -0.10434015105660274 -0.4994926237719001 0.6988725252976657 0.07367523085087646 0.01542444403862518 0.0038166644935332204 0.0010147524561993936
0.6988725252976653 0.6988725252976656 0.6988725252976656 0.6988725252976659 -0.3419787230476941 0.07367523085087646 0.07367523085087647 0.07367523085087649 -0.07159572647592075 -0.37007059914082585 0.015424444038625307 0.015424444038625165 -0.017715832508782146 -0.0915712302047598 -0.39244186831445127 0.0038166644935334155 -0.004710182040461445 -0.024346423670442326 -0.10434015105660274 -0.4994926237719001 0.6988725252976657 0.07367523085087646 0.01542444403862518 0.0038166644935332204 0.0010147524561993936
0.6988725252976653 0.6988725252976656 0.6988725252976656 0.6988725252976659 -0.3419787230476941 0.07367523085087646 0.07367523085087647 0.07367523085087649 -0.07159572647592075 -0.37007059914082585 0.015424444038625307 0.015424444038625165 -0.017715832508782146 -0.0915712302047598 -0.39244186831445127 0.0038166644935334155 -0.004710182040461445 -0.024346423670442326 -0.10434015105660274 -0.4994926237719001 0.6988725252976657 0.07367523085087646 0.01542444403862518 0.0038166644935332204 0.0010147524561993936
0.6988725252976653 0.6988725252976656 0.6988725252976656 0.6988725252976659 -0.3419787230476941 0.07367523085087646 0.07367523085087647 0.07367523085087649 -0.07159572647592075 -0.37007059914082585 0.015424444038625307 0.015424444038625165 -0.017715832508782146 -0.0915712302047598 -0.39244186831445127 0.0038166644935334155 -0.004710182040461445 -0.024346423670442326 -0.10434015105660274 -0.4994926237719001 0.6988725252976657 0.07367523085087646 0.01542444403862518 0.0038166644935332204 0.0010147524561993936
0.6988725252976653 0.6988725252976656 0.6988725252976656 0.6988725252976659 -0.3419787230476941 0.07367523085087646 0.07367523085087647 0.07367523085087649 -0.07159572647592075 -0.37007059914082585 0.015424444038625307 0.015424444038625165 -0.017715832508782146 -0.0915712302047598 -0.39244186831445127 0.0038166644935334155 -0.004710182040461445 -0.024346423670442326 -0.10434015105660274 -0.4994926237719001 0.6988725252976657 0.07367523085087646 0.01542444403862518 0.0038166644935332204 0.0010147524561993936
0.6988725252976653 0.6988725252976656 0.6988725252976656 0.6988725252976659 -0.3419787230476941 0.07367523085087646 0.07367523085087647 0.07367523085087649 -0.07159572647592075 -0.37007059914082585 0.015424444038625307 0.015424444038625165 -0.017715832508782146 -0.0915712302047598 -0.39244186831445127 0.0038166644935334155 -0.004710182040461445 -0.024346423670442326 -0.10434015105660274 -0.4994926237719001 0.6988725252976657 0.07367523085087646 0.01542444403862518 0.0038166644935332204 0.0010147524561993936
0.6988725252976653 0.6988725252976656 0.6988725252976656 0.6988725252976659 -0.3419787230476941 0.07367523085087646 0.07367523085087647 0.07367523085087649 -0.07159572647592075 -0.37007059914082585 0.015424444038625307 0.015424444038625165 -0.017715832508782146 -0.0915712302047598 -0.39244186831445127 0.0038166644935334155 -0.004710182040461445 -0.024346423670442326 -0.10434015105660274 -0.4994926237719001 0.6988725252976657 0.07367523085087646 0.01542444403862518 0.0038166644935332204 0.0010147524561993936
0.6988725252976653 0.6988725252976656 0.6988725252976656 0.6988725252976659 -0.3419787230476941 0.07367523085087646 0.07367523085087647 0.07367523085087649 -0.07159572647592075 -0.37007059914082585 0.015424444038625307 0.015424444038625165 -0.017715832508782146 -0.0915712302047598 -0.39244186831445127 0.0038166644935334155 -0.004710182040461445 -0.024346423670442326 -0.10434015105660274 -0.4994926237719001 0.6988725252976657 0.07367523085087646 0.01542444403862518 0.0038166644935332204 0.0010147524561993936
0.6988725252976653 0.6988725252976656 0.6988725252976656 0.6988725252976659 -0.3419787230476941 0.07367523085087646 0.07367523085087647 0.07367523085087649 -0.07159572647592075 -0.37007059914082585 0.015424444038625307 0.015424444038625165 -0.017715832508782146 -0.0915712302047598 -0.39244186831445127 0.0038166644935334155 -0.004710182040461445 -0.024346423670442326 -0.10434015105660274 -0.4994926237719001 0.6988725252976657 0.07367523085087646 0.01542444403862518 0.0038166644935332204 0.0010147524561993936
0.6988725252976653 0.6988725252976656 0.6988725252976656 0.6988725252976659 -0.3419787230476941 0.07367523085087646 0.07367523085087647 0.07367523085087649 -0.07159572647592075 -0.37007059914082585 0.015424444038625307 0.015424444038625165 -0.017715832508782146 -0.0915712302047598 -0.39244186831445127 0.0038166644935334155 -0.004710182040461445 -0.024346423670442326 -0.10434015105660274 -0.4994926237719001 0.6988725252976657 0.07367523085087646 0.01542444403862518 0.0038166644935332204 0.0010147524561993936
0.7621113591841374 0.7621113591841374 0.7621113591841373 0.7621113591841375 -0.35333487155418625 0.055145715474478066 0.05514571547447812 0.05514571547447819 -0.07499654135102335 -0.3723780780460818 0.011704867715779003 0.011704867715778972 -0.018608636929498164 -0.09239690697775545 -0.3929940818222759 0.002904289047294332 -0.004950859132778006 -0.02458235240358371 -0.1045567360193533 -0.4996136545086967 0.7621113591841373 0.05514571547447841 0.01170486771577892 0.002904289047294339 0.0007726909826067613
0.6988725252976653 0.6988725252976656 0.6988725252976656 0.6988725252976659 -0.3419787230476941 0.07367523085087646 0.07367523085087647 0.07367523085087649 -0.07159572647592075 -0.37007059914082585 0.015424444038625307 0.015424444038625165 -0.017715832508782146 -0.0915712302047598 -0.39244186831445127 0.0038166644935334155 -0.004710182040461445 -0.024346423670442326 -0.10434015105660274 -0.4994926237719001 0.6988725252976657 0.07367523085087646 0.01542444403862518 0.0038166644935332204 0.0010147524561993936
0.6109081822766322 0.6109081822766321 0.6109081822766326 0.6109081822766323 -0.30053832805369346 0.09570751198827653 0.09570751198827639 0.09570751198827622 -0.08631184190144608 -0.38373725427677896 0.027486316627265674 0.027486316627265705 -0.015271906795125618 -0.06789797844685055 -0.3597562664324949 0.0048633936714293545 -0.005754776760302081 -0.025585391115806634 -0.13556375305404456 -0.4990836853167059 0.6109081822766318 0.09570751198827615 0.027486316627265542 0.004863393671429444 0.0018326293665879658
0.7809721336079454 0.7809721336079456 0.7809721336079453 0.7809721336079457 -0.3253393192241337 0.04562158742713705 0.04562158742713688 0.04562158742713705 -0.1054813453608349 -0.3993010529612032 0.014791407416685994 0.01479140741668614 -0.0188738740850593 -0.07144730444838998 -0.4002862891666123 0.0026466401254968356 -0.004599526191682334 -0.017411568322139373 -0.09754898559223564 -0.4996775094895113 0.7809721336079458 0.04562158742713724 0.014791407416685944 0.002646640125496574 0.0006449810209773749
0.5966110194509403 0.5966110194509402 0.5966110194509401 0.59661101945094 -0.35021683297732714 0.11839674982525332 0.11839674982525351 0.11839674982525328 -0.04138550378715113 -0.3278598143507247 0.013991072606714573 0.013991072606714311 -0.01709145803372365 -0.13540012190596007 -0.42764020428645155 0.00577805773573012 -0.0027262892675969405 -0.021597917419050858 -0.06821365953909313 -0.49953916579962354 0.5966110194509402 0.11839674982525317 0.013991072606714516 0.005778057735730103 0.0009216684007527262
0.6280837777121502 0.6280837777121502 0.6280837777121501 0.6280837777121503 -0.32886280363904163 0.0973671155987708 0.09736711559877095 0.09736711559877108 -0.06743266671011636 -0.37164145005036925 0.019964934258432456 0.019964934258432477 -0.016687229089298556 -0.09196827470474601 -0.41255789390721664 0.004940623706243769 -0.0033829723640696114 -0.018644565256004483 -0.08363713029875902 -0.49949919805828596 0.6280837777121502 0.09736711559877075 0.019964934258432473 0.0049406237062439885 0.0010016038834276956
0.6253536736728615 0.6253536736728619 0.6253536736728614 0.625353673672862 -0.3104483187110764 0.09299403442889621 0.09299403442889588 0.09299403442889612 -0.07230291759359692 -0.3372916849113966 0.02165816209256436 0.021658162092564433 -0.02525990658321302 -0.11783696613801498 -0.4142143529692921 0.007566543224401074 -0.004881261544628635 -0.022770988857394685 -0.08004339151934331 -0.49926891502259974 0.6253536736728614 0.0929940344288959 0.02165816209256439 0.0075665432244010795 0.001462169954800467
0.6988725252976653 0.6988725252976656 0.6988725252976656 0.6988725252976659 -0.3419787230476941 0.07367523085087646 0.07367523085087647 0.07367523085087649 -0.07159572647592075 -0.37007059914082585 0.015424444038625307 0.015424444038625165 -0.017715832508782146 -0.0915712302047598 -0.39244186831445127 0.0038166644935334155 -0.004710182040461445 -0.024346423670442326 -0.10434015105660274 -0.4994926237719001 0.6988725252976657 0.07367523085087646 0.01542444403862518 0.0038166644935332204 0.0010147524561993936
0.761928716314138 0.7619287163141383 0.7619287163141382 0.7619287163141383 -0.35292852928490454 0.055137801094229145 0.05513780109422921 0.055137801094229284 -0.07491073643134903 -0.37067219507049387 0.011703257012242483 0.011703257012242448 -0.018587368696100295 -0.09197374212816825 -0.3857865214342084 0.0029038928649584815 -0.005381219338496342 -0.026627269726338974 -0.11168885298479814 -0.49957964775172525 0.7619287163141378 0.055137801094229257 0.011703257012242504 0.0029038928649585283 0.0008407044965496385
0.7004704272920882 0.700470427292088 0.7004704272920881 0.7004704272920883 -0.34508665869560046 0.07378160119184662 0.07378160119184636 0.07378160119184664 -0.07224073673555641 -0.3834438567755509 0.015445503595459492 0.01544550359545966 -0.014098185765310816 -0.07483122359587135 -0.3601456980011295 0.0030142768300476714 -0.005360754055268354 -0.02845414240031527 -0.1369433303820842 -0.4994269192855956 0.7004704272920883 0.07378160119184649 0.015445503595459478 0.003014276830047793 0.0011461614288088026
0.6988725252976653 0.6988725252976656 0.6988725252976656 0.6988725252976659 -0.3419787230476941 0.07367523085087646 0.07367523085087647 0.07367523085087649 -0.07159572647592075 -0.37007059914082585 0.015424444038625307 0.015424444038625165 -0.017715832508782146 -0.0915712302047598 -0.39244186831445127 0.0038166644935334155 -0.004710182040461445 -0.024346423670442326 -0.10434015105660274 -0.4994926237719001 0.6988725252976657 0.07367523085087646 0.01542444403862518 0.0038166644935332204 0.0010147524561993936
0.7094547881581009 0.7094547881581009 0.7094547881581009 0.709454788158101 -0.3117893960373073 0.06384403744522314 0.06384403744522323 0.06384403744522316 -0.100908462619378 -0.39309988925659006 0.020662677268346436 0.020662677268346353 -0.01567356167061907 -0.061058063883271105 -0.3364211956606971 0.00320942107370224 -0.007462389897398022 -0.0290705513304815 -0.16017457834583906 -0.4992359761010228 0.709454788158101 0.06384403744522305 0.02066267726834623 0.0032094210737022046 0.0015280477979543927
0.7621113591841374 0.7621113591841374 0.7621113591841373 0.7621113591841375 -0.35333487155418625 0.055145715474478066 0.05514571547447812 0.05514571547447819 -0.07499654135102335 -0.3723780780460818 0.011704867715779003 0.011704867715778972 -0.018608636929498164 -0.09239690697775545 -0.3929940818222759 0.002904289047294332 -0.004950859132778006 -0.02458235240358371 -0.1045567360193533 -0.4996136545086967 0.7621113591841373 0.05514571547447841 0.01170486771577892 0.002904289047294339 0.0007726909826067613
0.6010600052790182 0.6010600052790177 0.6010600052790183 0.6010600052790179 -0.3586226030567136 0.11901382400568816 0.11901382400568827 0.11901382400568823 -0.042358213463466625 -0.3714882327160751 0.014057153451477199 0.014057153451477044 -0.010491858114964163 -0.09201525537420173 -0.3950899005060635 0.003481866855418284 -0.002708797261497629 -0.023756580487697274 -0.10200466197782411 -0.4995505242589296 0.6010600052790176 0.1190138240056882 0.014057153451477015 0.003481866855418237 0.0008989514821405726
0.7377942945088225 0.7377942945088225 0.7377942945088225 0.7377942945088224 -0.3431446372928736 0.06097531681699403 0.06097531681699381 0.06097531681699386 -0.0795442064558071 -0.3791262864414599 0.014134661196699741 0.014134661196699556 -0.017977865590508214 -0.0856867108638495 -0.3928183783859927 0.003194588901993842 -0.004782025425710491 -0.022792251278859164 -0.10448779159412 -0.4995751273899253 0.7377942945088225 0.060975316816993794 0.014134661196699696 0.0031945889019940003 0.0008497452201495568
0.6988725252976653 0.6988725252976656 0.6988725252976656 0.6988725252976659 -0.3419787230476941 0.07367523085087646 0.07367523085087647 0.07367523085087649 -0.07159572647592075 -0.37007059914082585 0.015424444038625307 0.015424444038625165 -0.017715832508782146 -0.0915712302047598 -0.39244186831445127 0.0038166644935334155 -0.004710182040461445 -0.024346423670442326 -0.10434015105660274 -0.4994926237719001 0.6988725252976657 0.07367523085087646 0.01542444403862518 0.0038166644935332204 0.0010147524561993936
0.6988725252976653 0.6988725252976656 0.6988725252976656 0.6988725252976659 -0.3419787230476941 0.07367523085087646 0.07367523085087647 0.07367523085087649 -0.07159572647592075 -0.37007059914082585 0.015424444038625307 0.015424444038625165 -0.017715832508782146 -0.0915712302047598 -0.39244186831445127 0.0038166644935334155 -0.004710182040461445 -0.024346423670442326 -0.10434015105660274 -0.4994926237719001 0.6988725252976657 0.07367523085087646 0.01542444403862518 0.0038166644935332204 0.0010147524561993936
0.7368128734601063 0.7368128734601059 0.736812873460106 0.7368128734601057 -0.3411328894594365 0.060925771100782365 0.060925771100782386 0.06092577110078232 -0.07908070095643008 -0.3709217961310404 0.01412368268739963 0.014123682687399488 -0.017873258006107694 -0.08383310823195086 -0.3584575562897306 0.0031921343844354814 -0.00690284705694967 -0.03237726016354261 -0.1384402153558351 -0.49938358145354766 0.7368128734601058 0.06092577110078237 0.014123682687399686 0.0031921343844355573 0.0012328370929048271
0.6923111729959239 0.6923111729959239 0.6923111729959239 0.692311172995924 -0.3295699353039833 0.07323656670935236 0.0732365667093523 0.0732365667093523 -0.0690201521520033 -0.32295769786612544 0.015337560972324284 0.0153375609723243 -0.029692269160003504 -0.13893546440201135 -0.4296145473464133 0.006598174220845973 -0.004541101621388259 -0.02124863072149989 -0.06570475658205081 -0.4994954413977082 0.6923111729959242 0.07323656670935232 0.01533756097232438 0.006598174220846091 0.0010091172045835525
0.6988725252976653 0.6988725252976656 0.6988725252976656 0.6988725252976659 -0.3419787230476941 0.07367523085087646 0.07367523085087647 0.07367523085087649 -0.07159572647592075 -0.37007059914082585 0.015424444038625307 0.015424444038625165 -0.017715832508782146 -0.0915712302047598 -0.39244186831445127 0.0038166644935334155 -0.004710182040461445 -0.024346423670442326 -0.10434015105660274 -0.4994926237719001 0.6988725252976657 0.07367523085087646 0.01542444403862518 0.0038166644935332204 0.0010147524561993936
0.7368128734601063 0.7368128734601059 0.736812873460106 0.7368128734601057 -0.3411328894594365 0.060925771100782365 0.060925771100782386 0.06092577110078232 -0.07908070095643008 -0.3709217961310404 0.01412368268739963 0.014123682687399488 -0.017873258006107694 -0.08383310823195086 -0.3584575562897306 0.0031921343844354814 -0.00690284705694967 -0.03237726016354261 -0.1384402153558351 -0.49938358145354766 0.7368128734601058 0.06092577110078237 0.014123682687399686 0.0031921343844355573 0.0012328370929048271
0.7658744412275684 0.7658744412275683 0.7658744412275685 0.7658744412275685 -0.36185132316932633 0.05530844135089075 0.055308441350890865 0.055308441350890775 -0.059413395234448725 -0.31800745526107543 0.00908124988185851 0.009081249881858551 -0.02810276139299497 -0.15041873303368902 -0.43559607556898533 0.004295465653376174 -0.003962665377877001 -0.021209983504515015 -0.06142177500843914 -0.4996971562191262 0.7658744412275685 0.05530844135089075 0.00908124988185858 0.004295465653376175 0.000605687561747461
0.7033194888148862 0.7033194888148863 0.7033194888148863 0.7033194888148864 -0.36653681347933253 0.07730791690021903 0.07730791690021892 0.07730791690021892 -0.05426800176034119 -0.36190442679851914 0.011445906703355085 0.011445906703355 -0.015066587830679148 -0.10047660971103527 -0.39282856322866017 0.003177761352066183 -0.00400768894451852 -0.026726622009374916 -0.1044917872337928 -0.4995773602098193 0.7033194888148857 0.07730791690021868 0.01144590670335479 0.0031777613520658572 0.0008452795803612455
0.6986605275408905 0.6986605275408903 0.6986605275408907 0.6986605275408905 -0.341568968977902 0.07366110497360148 0.07366110497360177 0.07366110497360158 -0.07151068535325872 -0.36835917862344475 0.01542164710191055 0.01542164710191052 -0.017694826391814276 -0.09114794080596973 -0.3852279271222988 0.003815980322326637 -0.005119511896580596 -0.02637115261672563 -0.11145511756532823 -0.4994479754639947 0.6986605275408907 0.07366110497360162 0.01542164710191037 0.003815980322326586 0.0011040490720105828
0.6951486228402018 0.6951486228402016 0.6951486228402023 0.695148622840202 -0.3348676174034885 0.07342663926642091 0.0734266392664211 0.07342663926642091 -0.07011980106368974 -0.34194177897508315 0.015375214175854588 0.015375214175854378 -0.02560169419001499 -0.12484759972661931 -0.43485524112549157 0.005613700059968206 -0.0036059335038670717 -0.017584466847790987 -0.061248254575205135 -0.4996046623130357 0.6951486228402025 0.073426639266421 0.015375214175854522 0.00561370005996847 0.0007906753739287673
0.6640977646827465 0.6640977646827464 0.6640977646827464 0.6640977646827467 -0.3480992595309207 0.08803471838560958 0.08803471838560958 0.08803471838560961 -0.06426994728348795 -0.389799288859395 0.016253946409952647 0.016253946409952844 -0.011545795713158108 -0.07002562081548606 -0.3602058749044289 0.0029199455221919535 -0.004390478323732251 -0.026628391661729235 -0.13697419607438543 -0.4994448213947241 0.6640977646827467 0.08803471838560976 0.01625394640995281 0.0029199455221920185 0.0011103572105517299
0.70027893067126 0.70027893067126 0.7002789306712602 0.7002789306712601 -0.3447123725288683 0.07376886293449034 0.07376886293449018 0.0737688629344901 -0.06868907601996789 -0.36341569091021764 0.01469954500571204 0.014699545005711813 -0.01785596972095474 -0.09447120195831825 -0.3820557391052646 0.0038211990281757776 -0.005355002240474375 -0.028331897177973804 -0.11457845028118667 -0.4994270115351628 0.7002789306712607 0.07376886293449034 0.014699545005711747 0.003821199028175932 0.0011459769296744895
0.7183849283338702 0.7183849283338704 0.7183849283338708 0.7183849283338706 -0.3593062638359259 0.07042607329953411 0.07042607329953425 0.07042607329953415 -0.06250128304211598 -0.36704329587007717 0.012250607305997554 0.012250607305997394 -0.015073995773743134 -0.08852312818919338 -0.3620905592210936 0.0029545889903085216 -0.005623357187426411 -0.03302357096472476 -0.13507795671814501 -0.49944889498829886 0.7183849283338707 0.07042607329953406 0.012250607305997297 0.0029545889903085597 0.0011022100234022807
0.6988725252976653 0.6988725252976656 0.6988725252976656 0.6988725252976659 -0.3419787230476941 0.07367523085087646 0.07367523085087647 0.07367523085087649 -0.07159572647592075 -0.37007059914082585 0.015424444038625307 0.015424444038625165 -0.017715832508782146 -0.0915712302047598 -0.39244186831445127 0.0038166644935334155 -0.004710182040461445 -0.024346423670442326 -0.10434015105660274 -0.4994926237719001 0.6988725252976657 0.07367523085087646 0.01542444403862518 0.0038166644935332204 0.0010147524561993936
0.6898213524213229 0.6898213524213227 0.689821352421323 0.689821352421323 -0.34842260502242356 0.07833423250262529 0.07833423250262539 0.0783342325026253 -0.06783561139826425 -0.38326806326242874 0.01525116475978172 0.015251164759781935 -0.013286212897282912 -0.07506648764964445 -0.360163049369676 0.002987077403052506 -0.005052090949218168 -0.028544079925282496 -0.13695222980624092 -0.4994320809537961 0.689821352421323 0.07833423250262554 0.01525116475978186 0.002987077403052426 0.0011358380924079725
0.6988725252976653 0.6988725252976656 0.6988725252976656 0.6988725252976659 -0.3419787230476941 0.07367523085087646 0.07367523085087647 0.07367523085087649 -0.07159572647592075 -0.37007059914082585 0.015424444038625307 0.015424444038625165 -0.017715832508782146 -0.0915712302047598 -0.39244186831445127 0.0038166644935334155 -0.004710182040461445 -0.024346423670442326 -0.10434015105660274 -0.4994926237719001 0.6988725252976657 0.07367523085087646 0.01542444403862518 0.0038166644935332204 0.0010147524561993936
0.7005880257379453 0.7005880257379452 0.7005880257379453 0.7005880257379454 -0.345316756037221 0.07378942250830457 0.0737894225083045 0.07378942250830443 -0.06880845348350983 -0.36595402305550395 0.014703416377774758 0.014703416377774715 -0.017886951813722313 -0.09513078183046772 -0.3924385212200234 0.003822194613186415 -0.00475565900783885 -0.025292714166521388 -0.10433883916605562 -0.4994918906689298 0.7005880257379455 0.07378942250830461 0.014703416377774817 0.0038221946131863607 0.0010162186621403922
0.6694315873897264 0.6694315873897262 0.6694315873897265 0.6694315873897265 -0.3485874862054951 0.08606705609760125 0.08606705609760162 0.08606705609760172 -0.05038275954327983 -0.30233227122801687 0.012439619790043639 0.012439619790043634 -0.020890074458343198 -0.12535525474121592 -0.33994021183539525 0.005157807670781871 -0.009506250632683785 -0.05704424233002176 -0.15469341003446085 -0.49882644237263485 0.6694315873897263 0.08606705609760158 0.012439619790043568 0.00515780767078183 0.0023471152547303946
0.6923111729959239 0.6923111729959239 0.6923111729959239 0.692311172995924 -0.3295699353039833 0.07323656670935236 0.0732365667093523 0.0732365667093523 -0.0690201521520033 -0.32295769786612544 0.015337560972324284 0.0153375609723243 -0.029692269160003504 -0.13893546440201135 -0.4296145473464133 0.006598174220845973 -0.004541101621388259 -0.02124863072149989 -0.06570475658205081 -0.4994954413977082 0.6923111729959242 0.07323656670935232 0.01533756097232438 0.006598174220846091 0.0010091172045835525
0.7212566768845341 0.7212566768845338 0.7212566768845338 0.7212566768845341 -0.33379580056788155 0.06450085917691534 0.06450085917691523 0.06450085917691527 -0.08133108942526174 -0.3698897472314304 0.01571597107213168 0.015715971072131782 -0.020120428817193885 -0.09150670895929561 -0.3923987164365588 0.0038879606738883494 -0.005349223142003704 -0.02432800064357394 -0.10432323853164287 -0.4994831728140358 0.7212566768845339 0.06450085917691553 0.015715971072131938 0.0038879606738882943 0.0010336543719283255
0.6988725252976653 0.6988725252976656 0.6988725252976656 0.6988725252976659 -0.3419787230476941 0.07367523085087646 0.07367523085087647 0.07367523085087649 -0.07159572647592075 -0.37007059914082585 0.015424444038625307 0.015424444038625165 -0.017715832508782146 -0.0915712302047598 -0.39244186831445127 0.0038166644935334155 -0.004710182040461445 -0.024346423670442326 -0.10434015105660274 -0.4994926237719001 0.6988725252976657 0.07367523085087646 0.01542444403862518 0.0038166644935332204 0.0010147524561993936
0.6997859962148654 0.6997859962148653 0.6997859962148651 0.6997859962148654 -0.34375120757432864 0.07373606137452443 0.07373606137452435 0.0737360613745246 -0.07196358536551925 -0.37761097235796964 0.01543648787355996 0.015436487873560072 -0.016140072900911885 -0.08469100853001856 -0.386846093494154 0.0034621126552802344 -0.004596201449189586 -0.024117421186927824 -0.11016199161224138 -0.4995070478522262 0.6997859962148649 0.07373606137452444 0.01543648787356006 0.0034621126552801806 0.0009859042955473129
0.6985649417815629 0.698564941781563 0.6985649417815627 0.6985649417815629 -0.3413844153902697 0.07365473485227589 0.07365473485227578 0.0736547348522758 -0.07147238259139482 -0.3675921681212935 0.015420385792981854 0.015420385792982204 -0.0176853651694069 -0.09095823436872272 -0.3820591416305157 0.0038156717869770574 -0.0053038584106843605 -0.027278463959120248 -0.114579912391134 -0.49942783813888164 0.698564941781563 0.07365473485227586 0.015420385792981993 0.0038156717869771563 0.0011443237222366687
0.6955801026847965 0.6955801026847964 0.6955801026847968 0.6955801026847964 -0.3356822587754786 0.07345549301406162 0.07345549301406193 0.07345549301406157 -0.06690532625123577 -0.32839515055932317 0.014640522686479796 0.014640522686479598 -0.026259989891453454 -0.12889337541988155 -0.41002882450578837 0.005746328420982048 -0.00547615732635744 -0.026878928934935892 -0.08550583456491863 -0.4994008413824171 0.6955801026847965 0.07345549301406168 0.014640522686479708 0.005746328420982018 0.0011983172351661042
0.7196625389218287 0.7196625389218286 0.7196625389218291 0.7196625389218286 -0.3073672687655687 0.059865947638015754 0.05986594763801573 0.05986594763801571 -0.11548925955501547 -0.4269339894335971 0.022493852364439765 0.022493852364439713 -0.012088928912549705 -0.04468965052248317 -0.38670343087826264 0.002354561655783794 -0.0034779756511576668 -0.012857178456445607 -0.11125428286847523 -0.499661297201464 0.7196625389218282 0.05986594763801583 0.02249385236443973 0.0023545616557836702 0.0006774055970718915
0.7034848053874486 0.7034848053874485 0.7034848053874487 0.7034848053874488 -0.34046496451754255 0.07175210782063297 0.0717521078206332 0.07175210782063299 -0.0734771865672612 -0.3700329541849768 0.015485126407652107 0.015485126407652145 -0.018180568240588422 -0.09155779758480877 -0.39243288456387854 0.0038315075810742517 -0.00483369079057116 -0.02434258803873029 -0.10433662990790504 -0.4994906561042659 0.7034848053874484 0.07175210782063317 0.015485126407652042 0.0038315075810739663 0.0010186877914681826
0.7621113591841374 0.7621113591841374 0.7621113591841373 0.7621113591841375 -0.35333487155418625 0.055145715474478066 0.05514571547447812 0.05514571547447819 -0.07499654135102335 -0.3723780780460818 0.011704867715779003 0.011704867715778972 -0.018608636929498164 -0.09239690697775545 -0.3929940818222759 0.002904289047294332 -0.004950859132778006 -0.02458235240358371 -0.1045567360193533 -0.4996136545086967 0.7621113591841373 0.05514571547447841 0.01170486771577892 0.002904289047294339 0.0007726909826067613
0.698942695137386 0.6989426951373862 0.698942695137386 0.698942695137386 -0.34211448155940366 0.07367990572710635 0.07367990572710603 0.07367990572710638 -0.07162390193789252 -0.3706402134682846 0.015425369655610796 0.015425369655610708 -0.017722792160456725 -0.0917121141389606 -0.3948879442553054 0.0038168909122219636 -0.004574553289541543 -0.023672452378089494 -0.10192727692332401 -0.49950739785468784 0.698942695137386 0.07367990572710638 0.015425369655610671 0.003816890912221713 0.0009852042906242718
0.6988725252976653 0.6988725252976656 0.6988725252976656 0.6988725252976659 -0.3419787230476941 0.07367523085087646 0.07367523085087647 0.07367523085087649 -0.07159572647592075 -0.37007059914082585 0.015424444038625307 0.015424444038625165 -0.017715832508782146 -0.0915712302047598 -0.39244186831445127 0.0038166644935334155 -0.004710182040461445 -0.024346423670442326 -0.10434015105660274 -0.4994926237719001 0.6988725252976657 0.07367523085087646 0.01542444403862518 0.0038166644935332204 0.0010147524561993936
0.7560656409767307 0.7560656409767309 0.7560656409767307 0.7560656409767309 -0.3475581609860294 0.05606747128060727 0.05606747128060707 0.05606747128060707 -0.07222602947971557 -0.3443551747887696 0.011651376051932356 0.011651376051932205 -0.0264322520976608 -0.1260221952766636 -0.4356137564637318 0.0042640044220596095 -0.0037272134011325673 -0.01777039706415684 -0.06142592106077161 -0.4996993662445851 0.7560656409767311 0.05606747128060721 0.011651376051932361 0.004264004422059888 0.0006012675108301731
0.6653883868305593 0.6653883868305593 0.6653883868305596 0.6653883868305597 -0.3505656049651951 0.08814650580082607 0.08814650580082607 0.08814650580082625 -0.06471988955816695 -0.40196622597951825 0.016273222585353495 0.016273222585353825 -0.010860728122360906 -0.06745447071276858 -0.39398604047241814 0.0027308304661944082 -0.002859164891553526 -0.017757875187317217 -0.10371966243788427 -0.49964054460687346 0.6653883868305596 0.08814650580082616 0.01627322258535366 0.0027308304661945726 0.0007189107862531206
0.7032700006258119 0.7032700006258119 0.7032700006258119 0.703270000625812 -0.34004926999424473 0.0717383221115618 0.07173832211156186 0.07173832211156182 -0.07338821402361957 -0.36832144500334935 0.015482307422415131 0.015482307422415137 -0.018158591569021058 -0.09113450674484125 -0.38521883996061645 0.003830818078488524 -0.005253634421611514 -0.026366988860970546 -0.11145131767394498 -0.4994458348368159 0.703270000625812 0.07173832211156178 0.01548230742241492 0.0038308180784884876 0.0011083303263681617
0.6988725252976653 0.6988725252976656 0.6988725252976656 0.6988725252976659 -0.3419787230476941 0.07367523085087646 0.07367523085087647 0.07367523085087649 -0.07159572647592075 -0.37007059914082585 0.015424444038625307 0.015424444038625165 -0.017715832508782146 -0.0915712302047598 -0.39244186831445127 0.0038166644935334155 -0.004710182040461445 -0.024346423670442326 -0.10434015105660274 -0.4994926237719001 0.6988725252976657 0.07367523085087646 0.01542444403862518 0.0038166644935332204 0.0010147524561993936
0.6988725252976653 0.6988725252976656 0.6988725252976656 0.6988725252976659 -0.3419787230476941 0.07367523085087646 0.07367523085087647 0.07367523085087649 -0.07159572647592075 -0.37007059914082585 0.015424444038625307 0.015424444038625165 -0.017715832508782146 -0.0915712302047598 -0.39244186831445127 0.0038166644935334155 -0.004710182040461445 -0.024346423670442326 -0.10434015105660274 -0.4994926237719001 0.6988725252976657 0.07367523085087646 0.01542444403862518 0.0038166644935332204 0.0010147524561993936
0.7212566768845341 0.7212566768845338 0.7212566768845338 0.7212566768845341 -0.33379580056788155 0.06450085917691534 0.06450085917691523 0.06450085917691527 -0.08133108942526174 -0.3698897472314304 0.01571597107213168 0.015715971072131782 -0.020120428817193885 -0.09150670895929561 -0.3923987164365588 0.0038879606738883494 -0.005349223142003704 -0.02432800064357394 -0.10432323853164287 -0.4994831728140358 0.7212566768845339 0.06450085917691553 0.015715971072131938 0.0038879606738882943 0.0010336543719283255
0.7897224495918481 0.7897224495918479 0.7897224495918477 0.7897224495918476 -0.3339872948776957 0.04446500809912631 0.04446500809912633 0.044465008099126145 -0.09201092633491335 -0.366441614671452 0.0122497671241901 0.012249767124190056 -0.02400162346394762 -0.09558857852219986 -0.38914287501741057 0.0031954280838958613 -0.006668660766865996 -0.026558528605740914 -0.108120262249427 -0.49955608782196703 0.7897224495918478 0.04446500809912649 0.012249767124190323 0.003195428083895861 0.0008878243560659321
0.6988725252976653 0.6988725252976656 0.6988725252976656 0.6988725252976659 -0.3419787230476941 0.07367523085087646 0.07367523085087647 0.07367523085087649 -0.07159572647592075 -0.37007059914082585 0.015424444038625307 0.015424444038625165 -0.017715832508782146 -0.0915712302047598 -0.39244186831445127 0.0038166644935334155 -0.004710182040461445 -0.024346423670442326 -0.10434015105660274 -0.4994926237719001 0.6988725252976657 0.07367523085087646 0.01542444403862518 0.0038166644935332204 0.0010147524561993936
0.6988725252976653 0.6988725252976656 0.6988725252976656 0.6988725252976659 -0.3419787230476941 0.07367523085087646 0.07367523085087647 0.07367523085087649 -0.07159572647592075 -0.37007059914082585 0.015424444038625307 0.015424444038625165 -0.017715832508782146 -0.0915712302047598 -0.39244186831445127 0.0038166644935334155 -0.004710182040461445 -0.024346423670442326 -0.10434015105660274 -0.4994926237719001 0.6988725252976657 0.07367523085087646 0.01542444403862518 0.0038166644935332204 0.0010147524561993936
0.5363261709734438 0.5363261709734438 0.5363261709734437 0.5363261709734437 -0.316321471155957 0.13673581084807643 0.13673581084807654 0.1367358108480766 -0.0584057767092554 -0.38707878684294883 0.025246978042203168 0.025246978042203088 -0.01035281430824082 -0.06861230221785841 -0.36907633273240514 0.00447519560978183 -0.0035560453961858505 -0.023567356098458215 -0.1267725040532698 -0.499231416778502 0.5363261709734441 0.1367358108480767 0.02524697804220303 0.004475195609781824 0.0015371664429959188
0.7621718076269246 0.7621718076269248 0.7621718076269247 0.7621718076269246 -0.3534694973917528 0.055148334524103323 0.05514833452410335 0.05514833452410347 -0.07502496945011762 -0.37294584706650197 0.011705400730264815 0.011705400730264801 -0.018615683323015924 -0.09253774891891126 -0.39543799184128253 0.002904420151860084 -0.0048082662076221055 -0.02390168135843279 -0.10213813269102875 -0.4996249069930283 0.7621718076269243 0.05514833452410328 0.011705400730264699 0.0029044201518599734 0.0007501860139434389
0.7618463585032624 0.7618463585032622 0.761846358503262 0.7618463585032618 -0.3527455089840099 0.05513423182280845 0.05513423182280841 0.05513423182280827 -0.07487208902895781 -0.3699076630370007 0.011702530601935117 0.011702530601934906 -0.018577789265235577 -0.0917840907155579 -0.38262053539606933 0.0029037141905927525 -0.005575043190325706 -0.027543657785027972 -0.11482130515552595 -0.49956430951514746 0.7618463585032621 0.055134231822808306 0.011702530601935062 0.002903714190592967 0.0008713809697051256
0.6942021557748094 0.6942021557748089 0.6942021557748094 0.6942021557748091 -0.33308908477674337 0.07336330146222672 0.0733633014622269 0.07336330146222667 -0.06975063803557294 -0.33539374481995204 0.015362668184747517 0.015362668184747479 -0.026950595235560256 -0.12959108784885154 -0.4325191441380685 0.005935903436097532 -0.003945452372660169 -0.018971583393981292 -0.06331896080754687 -0.499565504507579 0.6942021557748093 0.07336330146222668 0.015362668184747663 0.0059359034360975645 0.0008689909848421656
0.7005946425948659 0.700594642594866 0.7005946425948663 0.700594642594866 -0.3453297084188942 0.0737898625579123 0.07378986255791242 0.07378986255791238 -0.0720395930059556 -0.38318167172545214 0.015393380693992499 0.015393380693992452 -0.014108011221008654 -0.07504111418203956 -0.36014549688409475 0.0030145920944078457 -0.005364489083287835 -0.02853394653017046 -0.1369432272319861 -0.49942685945851334 0.7005946425948664 0.0737898625579123 0.015393380693992327 0.0030145920944078227 0.0011462810829733297
0.6988725252976653 0.6988725252976656 0.6988725252976656 0.6988725252976659 -0.3419787230476941 0.07367523085087646 0.07367523085087647 0.07367523085087649 -0.07159572647592075 -0.37007059914082585 0.015424444038625307 0.015424444038625165 -0.017715832508782146 -0.0915712302047598 -0.39244186831445127 0.0038166644935334155 -0.004710182040461445 -0.024346423670442326 -0.10434015105660274 -0.4994926237719001 0.6988725252976657 0.07367523085087646 0.01542444403862518 0.0038166644935332204 0.0010147524561993936
0.6988725252976653 0.6988725252976656 0.6988725252976656 0.6988725252976659 -0.3419787230476941 0.07367523085087646 0.07367523085087647 0.07367523085087649 -0.07159572647592075 -0.37007059914082585 0.015424444038625307 0.015424444038625165 -0.017715832508782146 -0.0915712302047598 -0.39244186831445127 0.0038166644935334155 -0.004710182040461445 -0.024346423670442326 -0.10434015105660274 -0.4994926237719001 0.6988725252976657 0.07367523085087646 0.01542444403862518 0.0038166644935332204 0.0010147524561993936
0.705803744276604 0.7058037442766036 0.705803744276604 0.705803744276604 -0.34328446982316746 0.07154467972784494 0.07154467972784488 0.07154467972784488 -0.07198202769277305 -0.37033270747124025 0.015001934460050444 0.015001934460050255 -0.017816998972169856 -0.09166479022427483 -0.3925044413554504 0.0037132803759862207 -0.0047374377786676665 -0.0243731416755667 -0.10436467845548146 -0.4995063300288826 0.705803744276604 0.07154467972784485 0.015001934460050438 0.003713280375986356 0.0009873399422349724
0.694369051205646 0.694369051205646 0.694369051205646 0.6943690512056458 -0.33340186659205234 0.07337447474034921 0.0733744747403491 0.07337447474034912 -0.07659807920816201 -0.3692259219845127 0.016857565572347355 0.016857565572347532 -0.01727610652776525 -0.08327606157958395 -0.35806748645220304 0.0038020940164205357 -0.006669731534824939 -0.03215012439988819 -0.1382379763720219 -0.4992660688240452 0.6943690512056457 0.07337447474034897 0.01685756557234732 0.0038020940164204798 0.0014678623519097144
0.6988725252976653 0.6988725252976656 0.6988725252976656 0.6988725252976659 -0.3419787230476941 0.07367523085087646 0.07367523085087647 0.07367523085087649 -0.07159572647592075 -0.37007059914082585 0.015424444038625307 0.015424444038625165 -0.017715832508782146 -0.0915712302047598 -0.39244186831445127 0.0038166644935334155 -0.004710182040461445 -0.024346423670442326 -0.10434015105660274 -0.4994926237719001 0.6988725252976657 0.07367523085087646 0.01542444403862518 0.0038166644935332204 0.0010147524561993936
0.7099971275264004 0.7099971275264005 0.7099971275264007 0.7099971275264005 -0.31275994818996566 0.06387440163721751 0.0638744016372175 0.0638744016372173 -0.10122062103308047 -0.39683005422252365 0.02067210536148507 0.020672105361485074 -0.015558147747946068 -0.06099488969151621 -0.3495971864267477 0.003177412529112804 -0.006550999961206264 -0.025682846472238643 -0.14720332984508364 -0.49933105053081583 0.7099971275264007 0.06387440163721765 0.020672105361485 0.0031774125291128405 0.0013378989383683669
0.7892602870305895 0.7892602870305897 0.7892602870305896 0.7892602870305897 -0.3652120869101432 0.04875748319858152 0.048757483198581544 0.048757483198581586 -0.0708784778987403 -0.3721103535914701 0.00946260082607619 0.00946260082607629 -0.016590441767615094 -0.08709943180785573 -0.36381582577848903 0.002214899820499741 -0.006113844812223112 -0.03209754247445804 -0.13407198736458228 -0.4995918868838203 0.7892602870305893 0.0487574831985815 0.009462600826075987 0.00221489982049951 0.000816226232359172
0.6929339287734972 0.6929339287734971 0.6929339287734972 0.6929339287734974 -0.3307238886207652 0.07327833211983278 0.07327833211983285 0.07327833211983285 -0.06925968790379569 -0.32696178807417525 0.01534583556662863 0.015345835566628656 -0.02858057187329674 -0.13492343333767043 -0.4273246393893494 0.006332583493258719 -0.004556826908029256 -0.021511911457980534 -0.06813175131225031 -0.4994951730324475 0.6929339287734976 0.07327833211983277 0.015345835566628756 0.00633258349325875 0.0010096539351049708
0.6988725252976653 0.6988725252976656 0.6988725252976656 0.6988725252976659 -0.3419787230476941 0.07367523085087646 0.07367523085087647 0.07367523085087649 -0.07159572647592075 -0.37007059914082585 0.015424444038625307 0.015424444038625165 -0.017715832508782146 -0.0915712302047598 -0.39244186831445127 0.0038166644935334155 -0.004710182040461445 -0.024346423670442326 -0.10434015105660274 -0.4994926237719001 0.6988725252976657 0.07367523085087646 0.01542444403862518 0.0038166644935332204 0.0010147524561993936
0.7015757412277499 0.7015757412277496 0.7015757412277498 0.7015757412277496 -0.2280053097573395 0.048492494510570076 0.048492494510570104 0.04849249451057006 -0.17562264500125457 -0.4133110479599685 0.03735167465055482 0.037351674650554695 -0.019391490307054733 -0.04563601225945061 -0.37535296837287463 0.004124209818917888 -0.006246716005921128 -0.014701046887758735 -0.12091506935657798 -0.49933571976470936 0.7015757412277493 0.04849249451056983 0.037351674650554674 0.004124209818917852 0.001328560470581203
0.6626613295703481 0.662661329570348 0.662661329570348 0.6626613295703481 -0.3453777761151321 0.08791012436637152 0.08791012436637144 0.08791012436637154 -0.0637734313638888 -0.3770152579608777 0.01623245810871427 0.016232458108714137 -0.014525747291452267 -0.08587319585977828 -0.3925141222110839 0.003697285521001191 -0.00386235802826941 -0.022833457087426085 -0.10436847349142803 -0.4995084507485805 0.6626613295703481 0.08791012436637134 0.016232458108714064 0.003697285521001087 0.0009830985028388695
0.6988725252976653 0.6988725252976656 0.6988725252976656 0.6988725252976659 -0.3419787230476941 0.07367523085087646 0.07367523085087647 0.07367523085087649 -0.07159572647592075 -0.37007059914082585 0.015424444038625307 0.015424444038625165 -0.017715832508782146 -0.0915712302047598 -0.39244186831445127 0.0038166644935334155 -0.004710182040461445 -0.024346423670442326 -0.10434015105660274 -0.4994926237719001 0.6988725252976657 0.07367523085087646 0.01542444403862518 0.0038166644935332204 0.0010147524561993936
0.6974679028939399 0.6974679028939403 0.6974679028939401 0.69746790289394 -0.3290535959255253 0.07136477106873919 0.071364771068739 0.07136477106873897 -0.07103458258560395 -0.3269219735442792 0.015405899789444682 0.015405899789444675 -0.029311978111287114 -0.13490231636232222 -0.4273106600816921 0.006357148602494898 -0.004673344906353494 -0.021508103295981948 -0.06812812458925396 -0.4994932251257898 0.6974679028939402 0.07136477106873913 0.015405899789444694 0.006357148602495058 0.0010135497484205168
0.6988725252976653 0.6988725252976656 0.6988725252976656 0.6988725252976659 -0.3419787230476941 0.07367523085087646 0.07367523085087647 0.07367523085087649 -0.07159572647592075 -0.37007059914082585 0.015424444038625307 0.015424444038625165 -0.017715832508782146 -0.0915712302047598 -0.39244186831445127 0.0038166644935334155 -0.004710182040461445 -0.024346423670442326 -0.10434015105660274 -0.4994926237719001 0.6988725252976657 0.07367523085087646 0.01542444403862518 0.0038166644935332204 0.0010147524561993936
0.7505863197835686 0.7505863197835687 0.7505863197835685 0.7505863197835688 -0.3187301962283422 0.052955715513399226 0.05295571551339942 0.05295571551339931 -0.09682401163944193 -0.3679453516602111 0.016086912617375534 0.016086912617375666 -0.023946627773590093 -0.09100067460580763 -0.38512831228815436 0.0039786340387247396 -0.006927501138494656 -0.02632551367548998 -0.11141346694272872 -0.49942451204208144 0.7505863197835689 0.05295571551339934 0.01608691261737566 0.003978634038724789 0.001150975915837216
0.7621113591841374 0.7621113591841374 0.7621113591841373 0.7621113591841375 -0.35333487155418625 0.055145715474478066 0.05514571547447812 0.05514571547447819 -0.07499654135102335 -0.3723780780460818 0.011704867715779003 0.011704867715778972 -0.018608636929498164 -0.09239690697775545 -0.3929940818222759 0.002904289047294332 -0.004950859132778006 -0.02458235240358371 -0.1045567360193533 -0.4996136545086967 0.7621113591841373 0.05514571547447841 0.01170486771577892 0.002904289047294339 0.0007726909826067613
0.6988725252976653 0.6988725252976656 0.6988725252976656 0.6988725252976659 -0.3419787230476941 0.07367523085087646 0.07367523085087647 0.07367523085087649 -0.07159572647592075 -0.37007059914082585 0.015424444038625307 0.015424444038625165 -0.017715832508782146 -0.0915712302047598 -0.39244186831445127 0.0038166644935334155 -0.004710182040461445 -0.024346423670442326 -0.10434015105660274 -0.4994926237719001 0.6988725252976657 0.07367523085087646 0.01542444403862518 0.0038166644935332204 0.0010147524561993936
0.7085750494199107 0.7085750494199108 0.7085750494199106 0.7085750494199103 -0.3089816336244837 0.06353946373280266 0.06353946373280261 0.06353946373280249 -0.10505891484181107 -0.40135524722198307 0.0216044786581447 0.02160447865814446 -0.015306767518237478 -0.058476250879822125 -0.35519422390331384 0.0031477074808057928 -0.006106689407457537 -0.02332930851730611 -0.1417060004417084 -0.49937210544591115 0.7085750494199105 0.06353946373280253 0.02160447865814479 0.0031477074808061965 0.001255789108177835
0.6988725252976653 0.6988725252976656 0.6988725252976656 0.6988725252976659 -0.3419787230476941 0.07367523085087646 0.07367523085087647 0.07367523085087649 -0.07159572647592075 -0.37007059914082585 0.015424444038625307 0.015424444038625165 -0.017715832508782146 -0.0915712302047598 -0.39244186831445127 0.0038166644935334155 -0.004710182040461445 -0.024346423670442326 -0.10434015105660274 -0.4994926237719001 0.6988725252976657 0.07367523085087646 0.01542444403862518 0.0038166644935332204 0.0010147524561993936
0.7035559045164538 0.7035559045164543 0.703555904516454 0.7035559045164541 -0.3406026952289394 0.07175667012260827 0.07175667012260832 0.07175667012260825 -0.07350666543781294 -0.3706025980641562 0.015486059322251495 0.015486059322251554 -0.018187849666200784 -0.09169868200859645 -0.3948789956123207 0.003831735764333798 -0.004694541015509151 -0.02366872564146387 -0.10192384889292819 -0.4995054874260455 0.703555904516454 0.07175667012260825 0.015486059322251444 0.0038317357643336478 0.0009890251479088559
0.6626613295703481 0.662661329570348 0.662661329570348 0.6626613295703481 -0.3453777761151321 0.08791012436637152 0.08791012436637144 0.08791012436637154 -0.0637734313638888 -0.3770152579608777 0.01623245810871427 0.016232458108714137 -0.014525747291452267 -0.08587319585977828 -0.3925141222110839 0.003697285521001191 -0.00386235802826941 -0.022833457087426085 -0.10436847349142803 -0.4995084507485805 0.6626613295703481 0.08791012436637134 0.016232458108714064 0.003697285521001087 0.0009830985028388695
0.6593124036851048 0.6593124036851051 0.6593124036851049 0.6593124036851046 -0.339127340266464 0.08761891764380275 0.08761891764380285 0.08761891764380285 -0.0626329684070043 -0.3499485897556131 0.016182219034089895 0.016182219034089937 -0.021049005793548764 -0.11760691023525516 -0.43495378951439206 0.0054383439083966695 -0.0029651431516939633 -0.01656711618098518 -0.06127131432864252 -0.4996169541603366 0.6593124036851042 0.08761891764380268 0.01618221903408978 0.00543834390839669 0.0007660916793267832
0.6988725252976653 0.6988725252976656 0.6988725252976656 0.6988725252976659 -0.3419787230476941 0.07367523085087646 0.07367523085087647 0.07367523085087649 -0.07159572647592075 -0.37007059914082585 0.015424444038625307 0.015424444038625165 -0.017715832508782146 -0.0915712302047598 -0.39244186831445127 0.0038166644935334155 -0.004710182040461445 -0.024346423670442326 -0.10434015105660274 -0.4994926237719001 0.6988725252976657 0.07367523085087646 0.01542444403862518 0.0038166644935332204 0.0010147524561993936
0.7212566768845341 0.7212566768845338 0.7212566768845338 0.7212566768845341 -0.33379580056788155 0.06450085917691534 0.06450085917691523 0.06450085917691527 -0.08133108942526174 -0.3698897472314304 0.01571597107213168 0.015715971072131782 -0.020120428817193885 -0.09150670895929561 -0.3923987164365588 0.0038879606738883494 -0.005349223142003704 -0.02432800064357394 -0.10432323853164287 -0.4994831728140358 0.7212566768845339 0.06450085917691553 0.015715971072131938 0.0038879606738882943 0.0010336543719283255
0.6824139689123785 0.6824139689123786 0.6824139689123785 0.6824139689123782 -0.31186614423556275 0.07256909697806142 0.07256909697806141 0.0725690969780613 -0.09656603604632127 -0.39792890639933803 0.022470249381540162 0.022470249381540183 -0.016171680894487332 -0.06664019314094677 -0.39247432540055666 0.0037630384086958456 -0.004299800663359236 -0.017718600097502066 -0.1043528731317015 -0.49949973304718515 0.682413968912378 0.07256909697806134 0.02247024938154 0.0037630384086958083 0.001000533905629577
0.6988725252976653 0.6988725252976656 0.6988725252976656 0.6988725252976659 -0.3419787230476941 0.07367523085087646 0.07367523085087647 0.07367523085087649 -0.07159572647592075 -0.37007059914082585 0.015424444038625307 0.015424444038625165 -0.017715832508782146 -0.0915712302047598 -0.39244186831445127 0.0038166644935334155 -0.004710182040461445 -0.024346423670442326 -0.10434015105660274 -0.4994926237719001 0.6988725252976657 0.07367523085087646 0.01542444403862518 0.0038166644935332204 0.0010147524561993936
0.6986884821396502 0.6986884821396498 0.6986884821396501 0.69868848213965 -0.34162296581914814 0.07366296783059616 0.07366296783059598 0.07366296783059628 -0.07127299114077053 -0.3673013413875097 0.015368346331763684 0.015368346331763908 -0.01769759455831253 -0.09120355574472383 -0.38205889615599387 0.0038160705487173905 -0.005307524540363036 -0.02735202847418153 -0.11457980690711918 -0.49942777850350395 0.6986884821396496 0.07366296783059621 0.015368346331763705 0.0038160705487172908 0.001144442992991967
0.7802664287750848 0.780266428775085 0.7802664287750851 0.780266428775085 -0.33204504049965883 0.04675418540757385 0.046754185407573735 0.04675418540757379 -0.09995411037253553 -0.3987124336140162 0.014074214153520722 0.01407421415352065 -0.01762014466787694 -0.07028596157753024 -0.38898196565097565 0.002481035432634565 -0.004932391083247468 -0.01967508534674537 -0.10888736812806732 -0.4996527430030851 0.780266428775085 0.04675418540757394 0.014074214153520568 0.0024810354326344625 0.0006945139938297456
0.7483488050383658 0.7483488050383659 0.7483488050383659 0.7483488050383655 -0.3098102792802136 0.052090767344958995 0.05209076734495882 0.052090767344958905 -0.09551129487402614 -0.3414985937710489 0.016059043139749193 0.01605904313974905 -0.034857569951488206 -0.12463249646452385 -0.4347163344834576 0.005860869338396836 -0.004908563516159292 -0.017550463957327136 -0.06121576295460768 -0.4995873428720438 0.7483488050383655 0.052090767344959016 0.01605904313974903 0.005860869338396864 0.0008253142559123844
0.6988725252976653 0.6988725252976656 0.6988725252976656 0.6988725252976659 -0.3419787230476941 0.07367523085087646 0.07367523085087647 0.07367523085087649 -0.07159572647592075 -0.37007059914082585 0.015424444038625307 0.015424444038625165 -0.017715832508782146 -0.0915712302047598 -0.39244186831445127 0.0038166644935334155 -0.004710182040461445 -0.024346423670442326 -0.10434015105660274 -0.4994926237719001 0.6988725252976657 0.07367523085087646 0.01542444403862518 0.0038166644935332204 0.0010147524561993936
0.7588997082362445 0.7588997082362443 0.7588997082362445 0.7588997082362444 -0.34628148363014366 0.055006324175331134 0.055006324175331266 0.05500632417533101 -0.07350708511646216 -0.34433889434588405 0.011676496562023627 0.011676496562023606 -0.026900651048504892 -0.12601425324580234 -0.4356086277603026 0.004273130392619888 -0.003793232755013467 -0.017769138455000298 -0.06142471839092082 -0.49969872516946706 0.7588997082362441 0.055006324175331 0.011676496562023549 0.004273130392619959 0.0006025496610659599
0.6010081122392132 0.6010081122392134 0.6010081122392132 0.6010081122392135 -0.3585233666372467 0.11900664229637861 0.11900664229637861 0.1190066422963785 -0.04234673196703547 -0.370919289333927 0.01405638475084554 0.014056384750845492 -0.010489020203550305 -0.09187438413756784 -0.3926446179885635 0.003481678438734475 -0.0027894427852081178 -0.024433010233999543 -0.10441963839751747 -0.4995370424208899 0.6010081122392134 0.11900664229637861 0.014056384750845525 0.0034816784387343975 0.0009259151582198661
