9.116634008515425e-08
9.116634008515425e-08
9.116634008515425e-08
9.116634008515425e-08
9.116634008515425e-08
9.116634008515425e-08
9.116634008515425e-08
9.116634008515425e-08
9.116634008515425e-08
9.116634008515425e-08
0.017418794224130826
9.116634008515425e-08
0.03634487137678914
0.032636569800687666
0.0570743596222115
0.02325969683750717
0.026169155142046575
9.116634008515425e-08
0.017424936019958346
0.0026002193308294203
9.116634008515425e-08
0.009495518852691327
0.017418794224130826
0.0474657550271747
0.00687885724512297
9.116634008515425e-08
9.116634008515425e-08
0.008902844095400797
0.007704996643892964
9.116634008515425e-08
0.008902844095400797
0.029588369776672913
0.0006537567522242862
0.00011017265118194944
0.005741481886599301
0.008723663057030442
0.00030236385657178225
0.003648045755328348
9.116634008515425e-08
0.003017356303991269
9.116634008515425e-08
5.4572532438929824e-05
0.016720924487582892
0.007704996643892964
0.0024318152105982393
9.116634008515425e-08
0.0001728275286645445
0.00022840870897488383
0.0039655486282312875
0.010201828055817859
0.00010165351102633481
0.017418794224130826
1.2789860938868044e-05
9.116634008515425e-08
0.020043444582940984
0.007072575305727973
0.00020398649903830143
9.116634008515425e-08
9.116634008515425e-08
0.0024318152105982393
0.036951445916215846
9.116634008515425e-08
9.116634008515425e-08
0.12401385480078747
0.017466027772056088
0.017496497413872856
0.00616724666671227
0.0025885202195859696
9.116634008515425e-08
9.116634008515425e-08
0.00020969813203965208
0.0025722027424900885
9.116634008515425e-08
0.007141246186579863
0.037048762986220236
0.00656932683321317
9.116634008515425e-08
0.019391948920574418
0.0062230674202697865
9.116634008515425e-08
0.0064672105127379885
9.116634008515425e-08
0.01318312816756647
0.017418794224130826
9.116634008515425e-08
0.006853286189142528
9.116634008515425e-08
0.00011692091579078702
0.0062230674202697865
0.011968135301755648
9.116634008515425e-08
0.0024318152105982393
0.003282825777000482
9.116634008515425e-08
0.0002301894251994964
0.03150106959418787
0.01812084591504958
9.116634008515425e-08
0.021535899312107663
0.047489945437506356
