0.26341574627306485 0.26279092274212784 0.2614776251562188 0.25808267062181495 -0.1404960490429182 0.19899160262047486 0.19802048490151183 0.1954841803143535 -0.06130946648718094 -0.25138257192595836 0.08632384690406744 0.08524486852948902 -0.02472318609494368 -0.10140112920246376 -0.32162656539942985 0.0343639810417087 -0.010959542406258163 -0.044955201765121994 -0.1426101713951533 -0.4862336175074683 0.2607491682403949 0.19753910974884484 0.0861680046024349 0.034741150182151896 0.015399355909035906
0.3083348361114644 0.30758524057049486 0.30603149675951036 0.3019097407724882 -0.14485144261792568 0.16464688142990871 0.16385588292364284 0.16171038237625918 -0.07529429491692706 -0.25495121100009255 0.08510715859791557 0.08401045843920263 -0.029896844138648057 -0.10125755918212352 -0.3245171283794994 0.03334552723335242 -0.0129770059730677 -0.04395583374715752 -0.1408916009022932 -0.4862387634717537 0.3052536781481152 0.16356371385553292 0.08499121539522392 0.03373945241504678 0.01464367859400042
0.22612305943391114 0.22554579010832226 0.22456819159020808 0.2219875535824351 -0.13219482096351376 0.22899347646922513 0.22799943670970113 0.22537722524812806 -0.04608375770348661 -0.22229018176546705 0.07938383543618878 0.07850319024910118 -0.024595727179092003 -0.11867106587409228 -0.31973247311829583 0.04188999006096199 -0.010582353895161423 -0.051067078090203 -0.13760774145149895 -0.4858677447202763 0.22384433646147492 0.22726019405660106 0.0791917754518244 0.04226177863719119 0.01818199915135
0.23750055536411388 0.23690837480621882 0.2357560992852542 0.23271304512514107 -0.14754404668508447 0.23979744056423216 0.23862980129737546 0.23554775728693347 -0.0455757501087358 -0.24093494481922295 0.0736097395004345 0.07269266228152649 -0.02157697145674172 -0.11410099313479506 -0.32159235566146144 0.03440749239085417 -0.009565093797289708 -0.05058884087915447 -0.14260200584866736 -0.4862296598983066 0.23513122172545808 0.2379934682956748 0.07348152391574007 0.03478467816818711 0.01541925177215926
0.26341574627306485 0.26279092274212784 0.2614776251562188 0.25808267062181495 -0.1404960490429182 0.19899160262047486 0.19802048490151183 0.1954841803143535 -0.06130946648718094 -0.25138257192595836 0.08632384690406744 0.08524486852948902 -0.02472318609494368 -0.10140112920246376 -0.32162656539942985 0.0343639810417087 -0.010959542406258163 -0.044955201765121994 -0.1426101713951533 -0.4862336175074683 0.2607491682403949 0.19753910974884484 0.0861680046024349 0.034741150182151896 0.015399355909035906
0.2769807302437068 0.27620439241998074 0.27493766264167024 0.2708392241794659 -0.13872054273418277 0.18363401977198557 0.1828228425067623 0.1801468037458781 -0.06284172416242652 -0.23436940863114264 0.08273681165274263 0.08155001650789256 -0.032154059068726815 -0.11994835400922067 -0.34573083405185434 0.04171445063790695 -0.010765239296382855 -0.040165743440865535 -0.1157915851276405 -0.486294559037143 0.273908405323368 0.18223822077095722 0.0825213803758878 0.04221641024915714 0.014132480161109087
0.25016989248245997 0.2496302562858269 0.2483599889256638 0.24510863023571258 -0.12737619028846922 0.1932507040436028 0.19228622539409773 0.1897980589098729 -0.06788584044247135 -0.2632471588449807 0.1023984590369299 0.1010983046535133 -0.022502998164587094 -0.08729040650053944 -0.3221316785714425 0.03349831385254508 -0.009979346580756413 -0.038713935246323786 -0.14289007401582518 -0.48624100075287424 0.24775300213025625 0.19187521422383577 0.10222994140161859 0.03387964479791115 0.015023559942211858
0.2267219379441058 0.22618069576475472 0.22520228812077683 0.22243550809382379 -0.13066899442346647 0.22541477164134435 0.22443997708946298 0.2216830111774427 -0.04928787285239605 -0.23246261206760574 0.08456350764338183 0.08355578353853552 -0.024006195182536275 -0.11325417697483331 -0.32746832564883976 0.040687344757618614 -0.009674490740435209 -0.0456484275660487 -0.13200902038109344 -0.48609750507097266 0.22457816464984393 0.2238188731174443 0.0843922432263681 0.04109940808219463 0.016561965695875296
0.3267025164312756 0.32597526352882433 0.3242312320534332 0.32002795821276286 -0.12239097996565786 0.1277920528989692 0.1271490263813186 0.125562788998994 -0.10462691500275134 -0.2729733359981069 0.10867332511962201 0.1073225608785169 -0.030040097983488338 -0.07839269303414288 -0.3166424306612069 0.03079502844839562 -0.014225982229872515 -0.037125913722858214 -0.14997886364109775 -0.48620007713751096 0.3235888469991314 0.1270228680422797 0.10857558830134577 0.031160652858688694 0.014755317349165919
0.26341574627306485 0.26279092274212784 0.2614776251562188 0.25808267062181495 -0.1404960490429182 0.19899160262047486 0.19802048490151183 0.1954841803143535 -0.06130946648718094 -0.25138257192595836 0.08632384690406744 0.08524486852948902 -0.02472318609494368 -0.10140112920246376 -0.32162656539942985 0.0343639810417087 -0.010959542406258163 -0.044955201765121994 -0.1426101713951533 -0.4862336175074683 0.2607491682403949 0.19753910974884484 0.0861680046024349 0.034741150182151896 0.015399355909035906
0.26341574627306485 0.26279092274212784 0.2614776251562188 0.25808267062181495 -0.1404960490429182 0.19899160262047486 0.19802048490151183 0.1954841803143535 -0.06130946648718094 -0.25138257192595836 0.08632384690406744 0.08524486852948902 -0.02472318609494368 -0.10140112920246376 -0.32162656539942985 0.0343639810417087 -0.010959542406258163 -0.044955201765121994 -0.1426101713951533 -0.4862336175074683 0.2607491682403949 0.19753910974884484 0.0861680046024349 0.034741150182151896 0.015399355909035906
0.30097842545890335 0.3002120694474234 0.2986936755004993 0.2939834620481547 -0.15909005385675815 0.1871153880586305 0.18620386132012381 0.18332244564553188 -0.0638427077039854 -0.2550401899889242 0.07464644190391874 0.07351317753192016 -0.028194609243956132 -0.1126607436452271 -0.3404295121019069 0.032456430224140666 -0.010566739775428798 -0.04222810046328762 -0.12761885321695174 -0.48607333176527895 0.2980428078775179 0.1859095896885969 0.07457285732252165 0.032927953980381244 0.012339701742026466
0.30255648006375574 0.30186824943920526 0.3002020017581854 0.2962938851726973 -0.15379656646372378 0.17959539907225536 0.17864396311409905 0.17637538741802808 -0.07025324183330653 -0.2650547812877172 0.08152894972915686 0.08051445446432252 -0.025032665885195527 -0.09447104637971683 -0.31134742433052415 0.028678802887199296 -0.012597923899833665 -0.04754712304794317 -0.15671828664442675 -0.4862357495809049 0.2995965002921185 0.17839919983629046 0.08145944026520585 0.029019472233540934 0.014603465047933554
0.26341574627306485 0.26279092274212784 0.2614776251562188 0.25808267062181495 -0.1404960490429182 0.19899160262047486 0.19802048490151183 0.1954841803143535 -0.06130946648718094 -0.25138257192595836 0.08632384690406744 0.08524486852948902 -0.02472318609494368 -0.10140112920246376 -0.32162656539942985 0.0343639810417087 -0.010959542406258163 -0.044955201765121994 -0.1426101713951533 -0.4862336175074683 0.2607491682403949 0.19753910974884484 0.0861680046024349 0.034741150182151896 0.015399355909035906
0.26341574627306485 0.26279092274212784 0.2614776251562188 0.25808267062181495 -0.1404960490429182 0.19899160262047486 0.19802048490151183 0.1954841803143535 -0.06130946648718094 -0.25138257192595836 0.08632384690406744 0.08524486852948902 -0.02472318609494368 -0.10140112920246376 -0.32162656539942985 0.0343639810417087 -0.010959542406258163 -0.044955201765121994 -0.1426101713951533 -0.4862336175074683 0.2607491682403949 0.19753910974884484 0.0861680046024349 0.034741150182151896 0.015399355909035906
0.2757375503988199 0.2750926001211291 0.27370787241681593 0.27040338899294636 -0.14408985687456816 0.19168914716313004 0.19075408595807714 0.18849355982069618 -0.06308129706882137 -0.24968120702394125 0.08342908255910372 0.08246445613424186 -0.025420117199960415 -0.10064341252452295 -0.3116269085056473 0.03322046918935537 -0.012420378139281896 -0.04917959271818248 -0.1522957001720731 -0.4861269821251408 0.272989388676751 0.19033919407531197 0.08329625859588519 0.033560115539416305 0.01639658700434486
0.27278318917315403 0.27215861545147807 0.2707897003601737 0.2679235264442577 -0.1415967332677414 0.1912167437436064 0.19028589545534264 0.18831287645499334 -0.06201504680679042 -0.24348399476860771 0.08325879073335456 0.08241941491464112 -0.02498994297422549 -0.0981432947029304 -0.2951760309721573 0.0332017402467734 -0.014099402355747387 -0.05537732369501522 -0.16657026136349762 -0.4857133367385648 0.2700338914991994 0.18983766943736202 0.08311094786951434 0.03348484441869265 0.018891252088304767
0.26341574627306485 0.26279092274212784 0.2614776251562188 0.25808267062181495 -0.1404960490429182 0.19899160262047486 0.19802048490151183 0.1954841803143535 -0.06130946648718094 -0.25138257192595836 0.08632384690406744 0.08524486852948902 -0.02472318609494368 -0.10140112920246376 -0.32162656539942985 0.0343639810417087 -0.010959542406258163 -0.044955201765121994 -0.1426101713951533 -0.4862336175074683 0.2607491682403949 0.19753910974884484 0.0861680046024349 0.034741150182151896 0.015399355909035906
0.2599030712804516 0.2593118395436396 0.25800660800695224 0.25452732954350527 -0.15035218949202825 0.21656571773583363 0.2154913626210355 0.21260879703949712 -0.055134069255250384 -0.2562181055599961 0.07893235856779811 0.07790404180585155 -0.02233676260001648 -0.10383367080491036 -0.3232744375279493 0.03155339078470934 -0.009913026212042791 -0.046086401719052754 -0.1435021912883185 -0.48622454485287175 0.2575253743298754 0.21513680846751068 0.07885829742059773 0.03194378803137126 0.014175855425162547
0.2634153032819207 0.2627904907409801 0.261477213008175 0.2580823761576856 -0.14049549931888278 0.19899129482865716 0.19802019177273453 0.1954839769651575 -0.061309238383069536 -0.25138089552013454 0.08632373516315746 0.08524479642672926 -0.02472309814675086 -0.10140046944708964 -0.3216217393075363 0.03436395761683656 -0.01095999536983064 -0.04495692700951213 -0.14261443148722505 -0.4862335724706092 0.26074871830808855 0.19753878866763283 0.08616788121125432 0.03474110612200579 0.015400027664550203
0.24331705563306072 0.24274887844761434 0.24161964751305634 0.23870193610872487 -0.14065171467175483 0.2212776883253079 0.22025679928605496 0.21760928875501212 -0.05145818586754906 -0.24082528727961264 0.08049084929262805 0.07955260800311187 -0.0232048716649264 -0.10862992613108324 -0.3181889671958174 0.035865250365927706 -0.010509508618302904 -0.04920484388811301 -0.1441443498783682 -0.4861096934944362 0.24102625255223595 0.219740599657298 0.08036139875151427 0.03623411312868582 0.016409538453810876
0.25786559780571583 0.257246385846859 0.2560398839340268 0.2534065516531811 -0.13378532673154503 0.19503395724866218 0.19414358476519186 0.1921795860136374 -0.05841041449604256 -0.23106726491181342 0.08467952571071309 0.08384816709443643 -0.026290228025957086 -0.10403003882148684 -0.298990980112531 0.03772869484549711 -0.013971296102719289 -0.05528988623375012 -0.15892623817795096 -0.48542516781637235 0.2552144547836874 0.1935837336328344 0.08448633308108756 0.038020740451653545 0.02020394082446319
0.24659555585145398 0.24603654727580154 0.24480848499861518 0.24156212769745924 -0.14504852059080253 0.22419540059144621 0.2230849059789616 0.22013934350419959 -0.05299663192375891 -0.254541189392076 0.08141428401480834 0.0803696148002972 -0.021445914719412908 -0.10303634466078015 -0.32270621011202744 0.03251407943840382 -0.009514529313120494 -0.045717727518183246 -0.1432046104793299 -0.48623803342115257 0.2442917938329635 0.22263982927569764 0.081313241662573 0.03290008981384411 0.01459543159692227
0.2908791664997043 0.2902875215967048 0.28860910935982803 0.2847600071146399 -0.14693589043117156 0.18127544665917172 0.18026088237717172 0.17790570921450746 -0.07462157044972416 -0.2799831415514596 0.09147413043851625 0.09029935029821581 -0.021892332519014644 -0.08216555029051671 -0.3106479519060586 0.026481103666360854 -0.0112247869073879 -0.04213104021348139 -0.1593053619145821 -0.4861995586437291 0.2882412159777742 0.18013026324206902 0.09144913390015016 0.0268227055478324 0.013752051165572297
0.284718707614139 0.2841469861910812 0.28255320155015357 0.2785685864362176 -0.1525081306492636 0.19364649247969298 0.19258714771970004 0.18991162281987836 -0.06846348468728318 -0.27999564512548103 0.08638257484378141 0.08520389859087833 -0.021227164322887775 -0.086837801796462 -0.3187769325557199 0.026408726840645776 -0.010116082391268218 -0.041386480491204886 -0.15194415537258424 -0.4860854317536067 0.28236554916309625 0.1925411887788781 0.08640540008018135 0.026784915288946883 0.012764123372104814
0.26341574627306485 0.26279092274212784 0.2614776251562188 0.25808267062181495 -0.1404960490429182 0.19899160262047486 0.19802048490151183 0.1954841803143535 -0.06130946648718094 -0.25138257192595836 0.08632384690406744 0.08524486852948902 -0.02472318609494368 -0.10140112920246376 -0.32162656539942985 0.0343639810417087 -0.010959542406258163 -0.044955201765121994 -0.1426101713951533 -0.4862336175074683 0.2607491682403949 0.19753910974884484 0.0861680046024349 0.034741150182151896 0.015399355909035906
0.27871312909877854 0.2780967737111946 0.2765783432962719 0.2732606861400949 -0.1476973861958392 0.19362883824708838 0.19260331430281244 0.19033674377772608 -0.06462427499601898 -0.2607375980172216 0.08418893204125623 0.08322292002280227 -0.022917551976050634 -0.09249346909671381 -0.30291396561886325 0.02950282957815928 -0.01236422574789219 -0.04990498091619626 -0.16345569896461243 -0.4861629294826668 0.27593435426255286 0.1922433861220559 0.08408163035199213 0.029811701069895634 0.01608286700717878
0.2529598509411176 0.2524036280937803 0.2511268671678504 0.24782448321738115 -0.1346860647901986 0.2013188581532091 0.20031843649053 0.1977114537439554 -0.06321266286135041 -0.2601501416037336 0.09392912835120361 0.09273350153684431 -0.02264538393202145 -0.09322623830941544 -0.32231120546961656 0.03320896571315436 -0.010042790984044248 -0.04134813429136198 -0.1429737301861147 -0.4862418018299572 0.2505322773368813 0.199899328916251 0.09378684883039612 0.03359169902135326 0.014896358809732497
0.26294453386154476 0.26236216052985367 0.26091890252000205 0.2576476316185079 -0.14262734121935927 0.202573332353668 0.20148275176214317 0.19899050036996271 -0.06261039208117174 -0.26323121918264486 0.0883540012930625 0.08728937368866824 -0.021609756259435665 -0.09088450970032594 -0.30851706387854844 0.030116445154309012 -0.011065561092772187 -0.046542720478801224 -0.15801425347029124 -0.48622983415224463 0.2602506805170865 0.2010352061036868 0.08821495431405123 0.030440849086680783 0.015586818387577141
0.32168911830784724 0.3209619303258369 0.3192737167713452 0.31477371934353304 -0.1446147999687831 0.1543836914093355 0.15361200275116155 0.15150923014471676 -0.08416914857984119 -0.2686051765860702 0.08935120676233585 0.08814216584206057 -0.029020677748560774 -0.09263428233612385 -0.3257200586410743 0.03037805635367829 -0.012675798218710696 -0.04046410639157174 -0.1422977328653287 -0.4861742464172456 0.31872725191679524 0.15347543510834905 0.08930031958593 0.03078170384181874 0.01344393337904175
0.2243357495164544 0.22380239666119503 0.2227038267852559 0.21993650257288716 -0.12559249119220536 0.22004892399889692 0.21897042812518555 0.21625194895895794 -0.05424943508573172 -0.24571755619154512 0.09447592768980646 0.09333835594944881 -0.021820930879763018 -0.0988712194782066 -0.31974527920455786 0.03753078390185231 -0.00966051330527757 -0.043777926516291664 -0.14159940000728982 -0.48614645600974293 0.2219246132276619 0.2182092361368554 0.0942189220807717 0.03789138720158582 0.016774093463690694
0.27950262448009366 0.2787859115508861 0.2774042152530933 0.27378736352608196 -0.15205656449263902 0.19860787777063196 0.197653498400407 0.1951199467331891 -0.05789177800954451 -0.24276137285439914 0.0751661402192789 0.07422808254130739 -0.026760526610866774 -0.11224668535327374 -0.3216545605277298 0.034302989057233585 -0.0118637493630762 -0.04976871434728102 -0.1426356607889753 -0.4862325211719484 0.2766126762108358 0.19717752658624094 0.07503660862926598 0.03468056854144155 0.01537384622239851
0.21206576132419827 0.21156332305778863 0.21057671480289025 0.20794186671118567 -0.1251515459746322 0.2354351057031753 0.2343264697834773 0.23137837737089684 -0.048477906576470116 -0.24064258012445894 0.0906559157714314 0.08955300879202903 -0.021108631034028616 -0.10481843115288228 -0.3244466504514729 0.03898265773375541 -0.008860100508364202 -0.04400306276066718 -0.13622560792092822 -0.4861553213466955 0.20989590027733995 0.23353637600103175 0.09042636002166368 0.03936874941944002 0.016523555765549685
0.25928311561310674 0.2587787174619084 0.257338699892697 0.25415160363482636 -0.14055456271413228 0.20309364936289045 0.20198326301994235 0.19950986678057578 -0.06526502148307559 -0.2746017441833692 0.09370547950614053 0.09258355462988715 -0.01950988990452033 -0.08211464583655607 -0.3055361608259887 0.027666012606428054 -0.01039136867801087 -0.043738819353667496 -0.16276381393637557 -0.48620630128467274 0.25697266013951275 0.20175292186256996 0.09365036173991266 0.027989500189647954 0.014907177185372706
0.24015248211014883 0.23963411253831923 0.23842239608354512 0.23533817545669392 -0.1237572256097657 0.19822483499585902 0.19723704525490418 0.19470799619261642 -0.06584207817005691 -0.2616360870994589 0.10484940169704543 0.10353171360679331 -0.021797550352483874 -0.08664629182327271 -0.3216830008055242 0.03426041228823865 -0.009663453397658957 -0.038416294053566905 -0.1426475418157191 -0.4862353502808097 0.23779626022880415 0.19676439721178535 0.10465224973543213 0.0346380307374652 0.01535502199091081
0.30326396818655466 0.3025692978761583 0.30085206391854863 0.29705434396538655 -0.16189727587469716 0.18844447693964828 0.18741596015974812 0.18510641160304045 -0.06496988841008632 -0.26347462653402054 0.07513212245574785 0.07422860561932204 -0.02376663124022012 -0.0964095168367866 -0.30380778635874517 0.02714499009697814 -0.012897159665500667 -0.05232141577217798 -0.1648924921449279 -0.48622992723221814 0.3002740929434121 0.18716977533025006 0.07507868127110948 0.027459377879292316 0.014900322160109048
0.26341574627306485 0.26279092274212784 0.2614776251562188 0.25808267062181495 -0.1404960490429182 0.19899160262047486 0.19802048490151183 0.1954841803143535 -0.06130946648718094 -0.25138257192595836 0.08632384690406744 0.08524486852948902 -0.02472318609494368 -0.10140112920246376 -0.32162656539942985 0.0343639810417087 -0.010959542406258163 -0.044955201765121994 -0.1426101713951533 -0.4862336175074683 0.2607491682403949 0.19753910974884484 0.0861680046024349 0.034741150182151896 0.015399355909035906
0.27348492219732545 0.2727703243813607 0.2715005814499967 0.26869493986598375 -0.14458530747747383 0.19462690394523444 0.1937519522814208 0.19179070541109092 -0.05515673484770894 -0.22216425447493948 0.0738321093664047 0.0731088433896977 -0.028417139314799868 -0.11448723729341966 -0.29903451885254595 0.0376575872892207 -0.015101931420265698 -0.06084985499998697 -0.15895334050617888 -0.4854314695239205 0.27060827786429115 0.19319777753624073 0.07366954924890222 0.0379501479648551 0.02016682619402241
0.2590007352965196 0.25841371789344453 0.257110923827135 0.2537552927233228 -0.13513045976980867 0.19576076226336128 0.19479573722051996 0.19228651690235876 -0.06456751492388178 -0.2572606860226795 0.09299123739650957 0.09181924134355139 -0.023829732153716858 -0.09497600152268289 -0.32191491192074917 0.033875019695898755 -0.010565617177220975 -0.0421146954936065 -0.14276599225216038 -0.4862390219781875 0.2564398321563046 0.1943543220149733 0.09283284798691858 0.03425454930404054 0.015186760862505777
0.2670180661723091 0.26636512924397554 0.26503963421702714 0.26161217246668217 -0.1430272402347878 0.19891838207376045 0.19795366860797578 0.19543085966672566 -0.0601578797409098 -0.2477422102830605 0.08317168447374157 0.08213840911194277 -0.025465827658548556 -0.10490411983540103 -0.3213926912102922 0.03475981127118134 -0.01128690732439916 -0.04650093858161375 -0.14248386678234518 -0.48622734808065626 0.2642637513822487 0.19744924266692285 0.08301378034506288 0.03513504661963814 0.015571379025417994
0.28367437447823474 0.2829385448900583 0.28152727310615294 0.27749812113469385 -0.14313530079292774 0.18326885561823356 0.1823883146030598 0.17983007799115716 -0.06631150171267458 -0.2491051487625399 0.08441368146458086 0.08325350824373018 -0.02859856553643719 -0.10746303673343421 -0.3335504860870269 0.03589300381445926 -0.011227836179250673 -0.042195551017182115 -0.1309900194345977 -0.4862878313068333 0.2806160280296232 0.18190341408165686 0.08423756013800275 0.03632237310909908 0.014258898856475348
0.27222113565543504 0.2714135428537096 0.2701996244914926 0.2669908591212342 -0.15002477193511107 0.2033135983330991 0.20243199545025842 0.2000665905179117 -0.049626813835904206 -0.21269216121438325 0.06687820116705032 0.06612226063857783 -0.030795850868974718 -0.1320115003815956 -0.320228965163341 0.04102534247941426 -0.013266200381960608 -0.05687805594516893 -0.13799025593661918 -0.485942518962567 0.2692290054241513 0.20178273795416787 0.06671527379862688 0.04139627907824251 0.017831119986389192
0.267553366930988 0.2669844459018415 0.2654511313313784 0.26223443547810543 -0.145608102004705 0.20198110829819466 0.20084765086079934 0.19845017503444456 -0.06349447124804125 -0.26769907033766605 0.08749072333506418 0.08647418849280078 -0.020580364851047705 -0.086799257686611 -0.29978088454549306 0.02801811614973466 -0.011513009724173772 -0.04856058672400173 -0.16773377734415493 -0.4862029532895206 0.26483230114231704 0.20045298158986968 0.08737509447812317 0.02831478483020092 0.015839071742709526
0.26385468483098223 0.2632928330633801 0.26178441968452687 0.25862952682463336 -0.14375774805175676 0.20325279247322203 0.20211330312374726 0.19971172871430262 -0.06310135922599945 -0.2669529769653515 0.08862256340432607 0.08759806551319935 -0.0204409473465295 -0.08650711636989566 -0.2995736668663668 0.028365438889118435 -0.011433736176859697 -0.04839178674433331 -0.16759970346180741 -0.4861919529118747 0.26114302135420586 0.20168725325868242 0.08849348786183918 0.02866033760655979 0.016030569839955332
0.2641571044293721 0.26352407192714367 0.26220668560834026 0.25857072407751536 -0.1414124494577362 0.1995157718200028 0.19854113938393994 0.19582300995963497 -0.06160948019427262 -0.2538628642476803 0.08641017786264792 0.08525403099500017 -0.024875446408779825 -0.10253065165849656 -0.3291882538324517 0.034410916354535595 -0.010272284321647809 -0.04234498876125102 -0.1359745544764349 -0.48626792514479583 0.26149245880834854 0.19807121197725686 0.08626005327518112 0.03482203306183365 0.014378675920964996
0.2615236995053525 0.2608812960374105 0.2596446509217361 0.256203821877045 -0.13819475317448768 0.1976285360547346 0.1967140937326971 0.19414123909329617 -0.06032889106455362 -0.24431499477171134 0.08578910619300892 0.08469322950614448 -0.02650350709873428 -0.1073617233400245 -0.3288349402539038 0.03719590975293482 -0.010788164513897604 -0.04370690606208765 -0.13388869581729268 -0.4862368883606388 0.2588779646311233 0.19620206412675753 0.08561878201935379 0.037607455707333134 0.015306793052139136
0.2738826505833397 0.27330955025524556 0.27169111547410996 0.26833833639261157 -0.1488087659955622 0.1999048534382565 0.19875060012691634 0.1963382226816161 -0.06495100625679147 -0.2724762695751986 0.08665921576369108 0.08563439308566946 -0.020213062721820763 -0.08482562990308463 -0.29880275891398 0.026639559458335314 -0.011493810957502845 -0.0482379313576708 -0.1699389324284051 -0.48623522477924647 0.27112286548527764 0.19841643111239157 0.08656820792713256 0.026934597741035234 0.015315249227309053
0.2767023851904412 0.2760459126365823 0.2746566782664331 0.2710338263691959 -0.14526383060032272 0.1923043716239989 0.19136535904978114 0.1888839962302511 -0.06357058413060865 -0.25317879823866607 0.08366344586633695 0.08260285530272865 -0.025666787997033022 -0.10225057385368151 -0.32222906114118327 0.03334047697491209 -0.011382652109477904 -0.045350708950449736 -0.1429358524521901 -0.4862408494566889 0.27396008410983663 0.19096672982091734 0.08353825600992948 0.03372262716145322 0.014954209141886821
0.2631674454951893 0.2625453571635803 0.26123341065533084 0.2579185050774987 -0.14018994149043795 0.19881653287891177 0.19784659627620765 0.19537068855148113 -0.06118238728493218 -0.2504489471758541 0.0862573584220602 0.08520453399890757 -0.024672323214585186 -0.10102604686170968 -0.31892485370812224 0.034348270738999105 -0.011212584333289494 -0.045917385548331656 -0.14497471445046067 -0.48620556722856373 0.26049962499859325 0.19736095952192909 0.08609949926500547 0.0347140776515501 0.015775107455943512
0.32536628881526486 0.3246746373993164 0.3227726975090552 0.31841203726773776 -0.14850463276403028 0.15593452694689705 0.15506515790886755 0.1530345166906131 -0.08641893576247714 -0.28081926715893923 0.09018062109017208 0.08901415143090592 -0.025372382765249557 -0.08246925279692081 -0.3108545857096963 0.026122549998077445 -0.013010855239606926 -0.042292123371614504 -0.1594309635069254 -0.48618242428821784 0.32235585599331007 0.15499525022580454 0.09016933696547529 0.026465797094591664 0.013570755029477674
0.26347837977362526 0.26285298638518506 0.261539568737429 0.2581442259160914 -0.1405731427686177 0.19903746121220323 0.19806627913476063 0.1955297199523964 -0.06126161267835813 -0.25129061752937154 0.086228971946491 0.08515136375569067 -0.02473602058603062 -0.10149586057870298 -0.3216150991868465 0.03437095463930961 -0.010965947211823295 -0.04500014359117563 -0.14261440316899754 -0.48623344949531055 0.2608102248181213 0.1975842839625819 0.08607315857716598 0.03474805861930489 0.01540342268886105
0.2553521521283907 0.2547439152315723 0.2534914268929079 0.2503169515808975 -0.13684874211531528 0.20215047892186455 0.20117659910977964 0.1986867470526806 -0.059637845709639294 -0.24736492952271988 0.08758083314788825 0.08652479101226589 -0.024534936181029574 -0.10179667705112251 -0.31919745869307603 0.03558466793594051 -0.011039551928432536 -0.04580902512267877 -0.1436611164812286 -0.4861760326965239 0.2527329900252713 0.20063430590633308 0.08740117436528093 0.035950374024533535 0.016174854744471476
0.2617611287956717 0.2610970899109077 0.2598940869939584 0.2559017400104694 -0.13849483285607583 0.19778194293289458 0.19689154795197483 0.19390104765455868 -0.06044100899147446 -0.24515498282302886 0.08583951500494341 0.08456191781373643 -0.027830022622515636 -0.11291184644552225 -0.3473288627506408 0.038925119225810975 -0.00932987251227842 -0.03785890000990306 -0.11647781207283528 -0.48621355215671763 0.25913151730957174 0.19638286569914198 0.08567085369648246 0.03944069072753973 0.013221073178030292
0.24079442333706272 0.2401228192328726 0.2390484331883831 0.23627933250724636 -0.13452866910291233 0.2149998157025015 0.21404896498643736 0.21158521187625784 -0.04880225640378643 -0.21720041855667827 0.0775516022958013 0.07669016705078771 -0.02742407617295866 -0.12208456485788384 -0.3189894695647025 0.04308631947792446 -0.01180265192252967 -0.05255176054612989 -0.13733039147752937 -0.4858098289469448 0.23811308828220099 0.21324324318201393 0.07732267677873758 0.04344609569409767 0.018696620295616605
0.26341574627306485 0.26279092274212784 0.2614776251562188 0.25808267062181495 -0.1404960490429182 0.19899160262047486 0.19802048490151183 0.1954841803143535 -0.06130946648718094 -0.25138257192595836 0.08632384690406744 0.08524486852948902 -0.02472318609494368 -0.10140112920246376 -0.32162656539942985 0.0343639810417087 -0.010959542406258163 -0.044955201765121994 -0.1426101713951533 -0.4862336175074683 0.2607491682403949 0.19753910974884484 0.0861680046024349 0.034741150182151896 0.015399355909035906
0.2588084621487217 0.2582018365023249 0.25691215581671584 0.2538722536809054 -0.13752946136332328 0.1995344135115429 0.19856050052027996 0.1962433805109022 -0.060436523090523685 -0.24714437545608056 0.08716739883859313 0.08617731805256036 -0.024311884713507786 -0.09944944255156758 -0.3107643381619793 0.034655241067852005 -0.011872288522381362 -0.048569516572945615 -0.15179237833553566 -0.4860598604788319 0.2561470298444409 0.1980345039280403 0.08699131886362298 0.034987753117245834 0.017084593950251616
0.23007696450546578 0.22956628998908302 0.22842673403252692 0.22544698953922587 -0.13710943909334658 0.23213824516005374 0.23098485687188122 0.22797014904512636 -0.05137903671277531 -0.2546892771268455 0.08645467824060037 0.08536003593557799 -0.02014701726196382 -0.09990402258685763 -0.32215757236070963 0.03346222890446223 -0.008934152724567403 -0.04430763311397744 -0.14289718575387172 -0.48624071407138303 0.2278960952945809 0.23044504979143482 0.08632091624468903 0.03384378652458945 0.015007188626531866
0.2700582491187764 0.2695681804977637 0.267793632039165 0.264593710085488 -0.14401559739231937 0.1972184720730689 0.19595013438084818 0.193647414612704 -0.07060133676149107 -0.28862409670382244 0.09597339256693165 0.09487197783242904 -0.01711647677031106 -0.0700001819952579 -0.2851061988549546 0.022989927886051642 -0.011158433491383733 -0.04563587868753476 -0.18588904161399464 -0.4862311280355975 0.267393969357885 0.19573608237215154 0.09592204581448532 0.023249112274163656 0.015155929843499616
0.261514135212777 0.26093895306817017 0.25955429936862495 0.2560923299406053 -0.15250994638372198 0.2178661923516138 0.21672641834020806 0.21385950972487966 -0.05589902219627481 -0.2630727642555462 0.07934643153047706 0.07832481462297379 -0.020893172999287248 -0.09835862584985543 -0.31712961887742847 0.02926699683323001 -0.009945926419555183 -0.04682695767990776 -0.15099752533473004 -0.486224654576024 0.2591238001711624 0.21641521227931398 0.07928923555462597 0.02963120842870658 0.014104895149989033
0.2634159709511202 0.26279114184614916 0.261477834190712 0.25808281996427485 -0.14049632785475624 0.198991758727501 0.19802063357142144 0.1954842834459779 -0.061309582178164505 -0.2513834221773113 0.08632390357712366 0.0852449050971707 -0.02472323070094044 -0.10140146382182395 -0.3216290131614674 0.03436399292174779 -0.010959312669867846 -0.044954326742843234 -0.14260801070156406 -0.4862336403398165 0.2607493964389405 0.19753927259612783 0.08616806718445956 0.03474117252874382 0.015399015205821744
0.2300372560310708 0.2294860076813958 0.22845621929405005 0.22537122901174683 -0.13221071854230343 0.2238934543600927 0.2228909116068062 0.21988441474294915 -0.051333538723353375 -0.24042502508460287 0.0864445410942359 0.08531031905612009 -0.02367810262422469 -0.11093082038691676 -0.3353241733120563 0.03934009083765777 -0.008927247537809773 -0.04183026055554717 -0.1264652975511226 -0.486242120877064 0.22782065510182506 0.2222775943221822 0.08627105734125061 0.03978820741658394 0.015000127472941778
0.2631674059009455 0.2625453185306539 0.2612333737337874 0.25791847812650154 -0.14018989243538774 0.19881650535008616 0.1978465700119427 0.19537066989447768 -0.06118236692682765 -0.2504487980050061 0.08625734840610838 0.0852045273423163 -0.02467231535809776 -0.10102598812719489 -0.3189244281535603 0.03434826854999819 -0.011212624754342109 -0.04591753898753337 -0.14497508967218134 -0.48620556198378495 0.2604995847985017 0.19736093083072934 0.08609948823641612 0.03471407370340348 0.01577516755762625
0.2670261786844545 0.2664488562335497 0.26494779375234084 0.26170813584508434 -0.14495059782255124 0.20159958569331335 0.20048990940121814 0.19807456948276894 -0.06321301069604349 -0.26555174054057434 0.08734246351147203 0.08631791013166494 -0.02110759435092724 -0.0887014479234405 -0.302820708471133 0.028811865645914942 -0.011447775797333326 -0.048111326852592486 -0.1642679163843946 -0.4862069592525918 0.2643126352128528 0.20008241136271823 0.08722093771510948 0.02911810367303931 0.015791552753870765
0.2919654705057999 0.29118989475570606 0.28989950115223206 0.2864249975873214 -0.1482150305257831 0.18201761835593272 0.1812464559788698 0.17912475694693006 -0.05961427168301827 -0.22503864092820577 0.07282872602582953 0.07199648312336006 -0.0323723223043909 -0.12222662445676215 -0.3214213317897389 0.03908786792886222 -0.013945797321155905 -0.05266145767672077 -0.13850145336648245 -0.48602614000443806 0.28905972742610314 0.18082364318724956 0.07269987287450352 0.03947317599917719 0.017003339855103782
0.26341574627306485 0.26279092274212784 0.2614776251562188 0.25808267062181495 -0.1404960490429182 0.19899160262047486 0.19802048490151183 0.1954841803143535 -0.06130946648718094 -0.25138257192595836 0.08632384690406744 0.08524486852948902 -0.02472318609494368 -0.10140112920246376 -0.32162656539942985 0.0343639810417087 -0.010959542406258163 -0.044955201765121994 -0.1426101713951533 -0.4862336175074683 0.2607491682403949 0.19753910974884484 0.0861680046024349 0.034741150182151896 0.015399355909035906
0.2599030712804516 0.2593118395436396 0.25800660800695224 0.25452732954350527 -0.15035218949202825 0.21656571773583363 0.2154913626210355 0.21260879703949712 -0.055134069255250384 -0.2562181055599961 0.07893235856779811 0.07790404180585155 -0.02233676260001648 -0.10383367080491036 -0.3232744375279493 0.03155339078470934 -0.009913026212042791 -0.046086401719052754 -0.1435021912883185 -0.48622454485287175 0.2575253743298754 0.21513680846751068 0.07885829742059773 0.03194378803137126 0.014175855425162547
0.26341574627306485 0.26279092274212784 0.2614776251562188 0.25808267062181495 -0.1404960490429182 0.19899160262047486 0.19802048490151183 0.1954841803143535 -0.06130946648718094 -0.25138257192595836 0.08632384690406744 0.08524486852948902 -0.02472318609494368 -0.10140112920246376 -0.32162656539942985 0.0343639810417087 -0.010959542406258163 -0.044955201765121994 -0.1426101713951533 -0.4862336175074683 0.2607491682403949 0.19753910974884484 0.0861680046024349 0.034741150182151896 0.015399355909035906
0.25967999943930736 0.25904542794149993 0.2578334693177198 0.2547772813283894 -0.1359630094702624 0.19631769898562998 0.19542229419473345 0.19313925446763383 -0.059393788358285585 -0.23768204858436706 0.08528307223937068 0.0843124665609295 -0.026695406362209653 -0.1068586436723638 -0.31697663340883125 0.03788433554491286 -0.01208034241021099 -0.04836208333789633 -0.14347704652723714 -0.4860169247652176 0.25703552209892133 0.19488491550409798 0.0851005408153982 0.03824343466012088 0.017304852179611772
0.26341574627306485 0.26279092274212784 0.2614776251562188 0.25808267062181495 -0.1404960490429182 0.19899160262047486 0.19802048490151183 0.1954841803143535 -0.06130946648718094 -0.25138257192595836 0.08632384690406744 0.08524486852948902 -0.02472318609494368 -0.10140112920246376 -0.32162656539942985 0.0343639810417087 -0.010959542406258163 -0.044955201765121994 -0.1426101713951533 -0.4862336175074683 0.2607491682403949 0.19753910974884484 0.0861680046024349 0.034741150182151896 0.015399355909035906
0.2658807984572015 0.2651757851754007 0.26394713157710925 0.26083729149548257 -0.14357152467458045 0.20086753444981206 0.19996209786171676 0.19764178882946676 -0.05459899696135159 -0.22760077572045032 0.07595723224484188 0.07510212071736712 -0.028110992155987172 -0.11721199815479601 -0.316509230301657 0.03865820366631334 -0.012716733989256369 -0.05303145761896353 -0.14322019472054362 -0.48597088626184454 0.26306770052400413 0.19936787595227812 0.07578460266806293 0.03901357722490491 0.01764746090498777
0.2698013638445447 0.26910967849237305 0.26778131783523734 0.26432875094684777 -0.14850006327608967 0.2036650287251352 0.20268530092510204 0.20010919688608042 -0.05640452981718111 -0.2415738574465933 0.07689561556135086 0.07594555780179868 -0.02605426097574028 -0.11161847522920017 -0.3212081193875722 0.03507124686531162 -0.011546179149707216 -0.049471335861209075 -0.14238420972155616 -0.48622046603555846 0.2669681853882197 0.20214501464352827 0.07674582890199041 0.03544501105363536 0.015706660197847222
0.2665281403354393 0.26584321831015395 0.2645332296143099 0.26113656298968385 -0.14744236656637216 0.2056263602225839 0.2046370774287152 0.2020442882730702 -0.05572889880141456 -0.2408461130091934 0.07725516155450726 0.07630429280548313 -0.025837860886564035 -0.11169627530353435 -0.32103251545337114 0.03536789198205748 -0.011448870626859085 -0.04949986006645138 -0.1422894747475578 -0.48621415888993913 0.2637109954482294 0.20407139628665022 0.07709818799755405 0.035740149192593024 0.015835496855109585
0.2587790132382851 0.2582009040546933 0.2569065677194786 0.2538132131998016 -0.14884657534426424 0.21567793333534926 0.21461318926942083 0.21205219869829883 -0.05461340661922106 -0.25159680620732283 0.07865668207266019 0.07774533061499014 -0.02212711807740636 -0.10196661700906827 -0.3101904089983735 0.03149100908867294 -0.011058960020305476 -0.05096720495556353 -0.1550629786041006 -0.48614983012526847 0.2563942152826442 0.21423194935606335 0.07857211779106901 0.03182975658891699 0.01590750483778456
0.26341574627306485 0.26279092274212784 0.2614776251562188 0.25808267062181495 -0.1404960490429182 0.19899160262047486 0.19802048490151183 0.1954841803143535 -0.06130946648718094 -0.25138257192595836 0.08632384690406744 0.08524486852948902 -0.02472318609494368 -0.10140112920246376 -0.32162656539942985 0.0343639810417087 -0.010959542406258163 -0.044955201765121994 -0.1426101713951533 -0.4862336175074683 0.2607491682403949 0.19753910974884484 0.0861680046024349 0.034741150182151896 0.015399355909035906
0.22058176339210273 0.22007400569225682 0.21908962696146705 0.21616179530288987 -0.11789871838506004 0.21080238446753363 0.2098628022808428 0.20706361831863343 -0.05749766674933163 -0.2447701759288364 0.10225377968100169 0.10092028870502981 -0.023402446270310216 -0.09965696286239774 -0.3360031766501262 0.04106191360758316 -0.008669731024261806 -0.036924250786206585 -0.12451665880611053 -0.4862372814029159 0.21842482319372505 0.20923680993825325 0.10201026930871863 0.04151246812610267 0.015377648320406489
0.26341574627306485 0.26279092274212784 0.2614776251562188 0.25808267062181495 -0.1404960490429182 0.19899160262047486 0.19802048490151183 0.1954841803143535 -0.06130946648718094 -0.25138257192595836 0.08632384690406744 0.08524486852948902 -0.02472318609494368 -0.10140112920246376 -0.32162656539942985 0.0343639810417087 -0.010959542406258163 -0.044955201765121994 -0.1426101713951533 -0.4862336175074683 0.2607491682403949 0.19753910974884484 0.0861680046024349 0.034741150182151896 0.015399355909035906
0.22947686804906955 0.22895990762135202 0.22784712528720827 0.22485021076978598 -0.13629309456948197 0.23152888624982787 0.2304025688538034 0.2273704579324447 -0.051084011643770515 -0.2519737913641721 0.08625560652252137 0.0851539575935279 -0.02071161232961947 -0.10219459299706052 -0.3250363075544547 0.0345153674485586 -0.008883816444293778 -0.043839896825878466 -0.13945521908955974 -0.4862413386857441 0.2273017132789524 0.22984783273380865 0.0861157189222622 0.03491009874521145 0.014973153532195065
0.22816676941523234 0.22757958317428223 0.22656337339165905 0.22362570947887228 -0.12501026078658486 0.21423015868079295 0.21327896636248503 0.2105218644762442 -0.05298139911100709 -0.2316787311688907 0.09029022476448342 0.08915563563850191 -0.02561815257897118 -0.11205692983400628 -0.3330250124297234 0.0430972283490151 -0.009650634554559355 -0.042220325093657425 -0.12549810594621394 -0.48618021590026217 0.22572647479130703 0.21250794598937947 0.09002975877577607 0.043525834243052515 0.01639525564530013
0.3020046610361172 0.30128798652029015 0.29963002166662384 0.29526881176720443 -0.15009876844725462 0.17581971621973716 0.17489112737325282 0.17240514508654645 -0.07324328428904925 -0.26782169672426825 0.0852657975043979 0.0840746977944033 -0.026083937576794683 -0.09540622549888897 -0.32573639966108464 0.029929650075979322 -0.011438109911841843 -0.04184049695794965 -0.14287168158647098 -0.4862148177284357 0.29894224331606173 0.1746105633038332 0.08517142108938894 0.030324706740836444 0.013296760805525477
0.2634150736972587 0.2627902668519055 0.26147699940781616 0.2580822235434512 -0.14049521441939608 0.19899113531232918 0.1980200398554158 0.19548387157340621 -0.06130912016601488 -0.2513800267109506 0.08632367725213372 0.08524475905700024 -0.024723052566784576 -0.10140012752416584 -0.32161923818278665 0.034363945475953776 -0.010960230122312108 -0.0449578211289827 -0.14261663927924206 -0.4862335491198888 0.26074848512614823 0.19753862226404179 0.08616781726250702 0.0347410832873778 0.015400375809172797
0.2705021163263749 0.2699607791747858 0.26829175446457154 0.2651402743445764 -0.14933078307447412 0.20412151870137524 0.2028884223867069 0.2005427360004816 -0.06387259297602074 -0.27488647123237525 0.08668655873845106 0.08571285910413293 -0.01877158160652951 -0.08081671065800597 -0.2881838920493388 0.025180263328751302 -0.011782725210765243 -0.050730725892391124 -0.18091743083890452 -0.4861922822007658 0.2677298771988522 0.20253943005824793 0.08659514864738192 0.025443934453355396 0.01597034644928954
0.2634156067782451 0.26279078670800526 0.2614774953737989 0.2580825778985437 -0.14049587593849955 0.19899150569900342 0.19802039259740137 0.19548411628219722 -0.06130939465872996 -0.25138204403605335 0.08632381171767804 0.08524484582531015 -0.024723158400651656 -0.10140092144955526 -0.32162504568406414 0.03436397366557251 -0.010959685041460953 -0.04495574503417164 -0.14261151288046375 -0.48623360332839355 0.2607490265598417 0.19753900864261245 0.08616796574741968 0.03474113630792414 0.015399567440021729
0.26341574627306485 0.26279092274212784 0.2614776251562188 0.25808267062181495 -0.1404960490429182 0.19899160262047486 0.19802048490151183 0.1954841803143535 -0.06130946648718094 -0.25138257192595836 0.08632384690406744 0.08524486852948902 -0.02472318609494368 -0.10140112920246376 -0.32162656539942985 0.0343639810417087 -0.010959542406258163 -0.044955201765121994 -0.1426101713951533 -0.4862336175074683 0.2607491682403949 0.19753910974884484 0.0861680046024349 0.034741150182151896 0.015399355909035906
0.2795128389988121 0.2788158148179006 0.27741471985083066 0.27387099122268754 -0.13380540423712406 0.17491212390615402 0.17406805324845986 0.17189654842776753 -0.07095881919637309 -0.2491696284269716 0.09223384004903733 0.09110508709741887 -0.028125188474209 -0.09878908774037665 -0.3206057842819405 0.03609578096327329 -0.0124583800538921 -0.04376437723710981 -0.14205310789557718 -0.4861964851696053 0.27647033998535947 0.1735807599553347 0.09201986641420067 0.036464193146374446 0.016150824217683386
0.26341574627306485 0.26279092274212784 0.2614776251562188 0.25808267062181495 -0.1404960490429182 0.19899160262047486 0.19802048490151183 0.1954841803143535 -0.06130946648718094 -0.25138257192595836 0.08632384690406744 0.08524486852948902 -0.02472318609494368 -0.10140112920246376 -0.32162656539942985 0.0343639810417087 -0.010959542406258163 -0.044955201765121994 -0.1426101713951533 -0.4862336175074683 0.2607491682403949 0.19753910974884484 0.0861680046024349 0.034741150182151896 0.015399355909035906
0.26347905267399074 0.26285364258833194 0.2615401948016268 0.258144673315141 -0.14057397809064134 0.19903792872545217 0.19806672438857745 0.19553002890504115 -0.06126195881509195 -0.25129316338808483 0.0862291414322725 0.08515147314241292 -0.024736154222548382 -0.10149686384644963 -0.3216224264431723 0.03437099023234868 -0.01096525915217148 -0.0449975220397466 -0.14260793542239997 -0.4862335180670996 0.26081090826309455 0.19758477166571964 0.08607334573074878 0.03474812554163259 0.01540240259056909
0.2629969272613383 0.2624622063041664 0.26093854046931014 0.2577622046142449 -0.13994301558845287 0.19865433261610843 0.1975260893161136 0.19515629295805606 -0.06682731393864857 -0.27322773479819806 0.09423626497514295 0.09313261744733081 -0.019826700379966526 -0.08109163938588328 -0.3000179985246127 0.027619517373312096 -0.011092804710936937 -0.04537282072512648 -0.16788726591295003 -0.48621292798352334 0.26037934392868956 0.1971728609877772 0.09412226400955458 0.02791820913347415 0.015619231729917103
0.26347905267399074 0.26285364258833194 0.2615401948016268 0.258144673315141 -0.14057397809064134 0.19903792872545217 0.19806672438857745 0.19553002890504115 -0.06126195881509195 -0.25129316338808483 0.0862291414322725 0.08515147314241292 -0.024736154222548382 -0.10149686384644963 -0.3216224264431723 0.03437099023234868 -0.01096525915217148 -0.0449975220397466 -0.14260793542239997 -0.4862335180670996 0.26081090826309455 0.19758477166571964 0.08607334573074878 0.03474812554163259 0.01540240259056909
0.26182361893259176 0.2611589682737358 0.2599558081168997 0.2559628729972698 -0.138571047260624 0.1978277129347073 0.19693722448335488 0.1939463182055467 -0.06039395441742831 -0.24506403984701233 0.08574527417845172 0.08446924281621747 -0.027844553617766152 -0.11301685484083962 -0.3473243089058656 0.038933094535048306 -0.00933470784223522 -0.03789397156472776 -0.11647585176047935 -0.4862138656108235 0.25919242246525975 0.1964279735563448 0.08557667851233611 0.03944863003170661 0.013223682911586114
0.27069540241715373 0.26998924971657284 0.2687690807640059 0.26517982905471377 -0.1294398700788213 0.1767410980979906 0.17597190360760337 0.1736679615897564 -0.06701770043629744 -0.23614018957184196 0.09103409607436874 0.08986404790494877 -0.031246742276315517 -0.11012694272279369 -0.3351255613572226 0.04188466401808438 -0.011617066638207971 -0.04094914377598662 -0.12463320526896181 -0.4862217993829857 0.2678173022532152 0.1754419113462687 0.090804091540402 0.042328712518191 0.015735474276135943
0.26519099720006645 0.26458319478419406 0.2631918297034653 0.2598099936336793 -0.14267802267654725 0.20026981310368203 0.19924091907735664 0.19671623331375135 -0.06223847913936609 -0.2582289757791493 0.0868225124391666 0.08574950222001751 -0.023149845140800533 -0.0960800521797887 -0.3155953513052579 0.03188378934918704 -0.011009189114528296 -0.04569657871923326 -0.15012015590189862 -0.4862396372003838 0.26250550252088417 0.19879304189055536 0.08668232339013703 0.032235606814248606 0.015329114341300526
0.27892952121592474 0.2781028424092371 0.27685776154609565 0.27354606316343294 -0.15248824713189563 0.19980813441756973 0.19894447398278112 0.196607729315708 -0.05053085819208385 -0.2134386907585713 0.06584376703475588 0.06509471215694612 -0.03136618930655416 -0.1325135196039572 -0.3206108257097865 0.040399901930422595 -0.013514935524878608 -0.0571069213014708 -0.13818475138849462 -0.48597864452656153 0.27589610030699685 0.19834025766920185 0.06569294937421573 0.04077405742550559 0.017567055467151715
0.2599030712804516 0.2593118395436396 0.25800660800695224 0.25452732954350527 -0.15035218949202825 0.21656571773583363 0.2154913626210355 0.21260879703949712 -0.055134069255250384 -0.2562181055599961 0.07893235856779811 0.07790404180585155 -0.02233676260001648 -0.10383367080491036 -0.3232744375279493 0.03155339078470934 -0.009913026212042791 -0.046086401719052754 -0.1435021912883185 -0.48622454485287175 0.2575253743298754 0.21513680846751068 0.07885829742059773 0.03194378803137126 0.014175855425162547
0.28316332425221236 0.2824829029009549 0.2811484068388214 0.277309356412223 -0.13085658855856416 0.16777286896062735 0.16701227268454027 0.16478233080009103 -0.07482942449346897 -0.25088045495691486 0.09543975172585076 0.09418359129571738 -0.029773116392405027 -0.09984568180554891 -0.33314506116262027 0.03745903268377657 -0.01160404027293891 -0.0389187424815743 -0.12987713101705603 -0.48624175961233573 0.28035782599381537 0.16664507663053657 0.09526667033337982 0.03789568111355689 0.014768386751387702
0.26341574627306485 0.26279092274212784 0.2614776251562188 0.25808267062181495 -0.1404960490429182 0.19899160262047486 0.19802048490151183 0.1954841803143535 -0.06130946648718094 -0.25138257192595836 0.08632384690406744 0.08524486852948902 -0.02472318609494368 -0.10140112920246376 -0.32162656539942985 0.0343639810417087 -0.010959542406258163 -0.044955201765121994 -0.1426101713951533 -0.4862336175074683 0.2607491682403949 0.19753910974884484 0.0861680046024349 0.034741150182151896 0.015399355909035906
0.2520886796215567 0.25144643714333864 0.250323688565665 0.24696278508117347 -0.13288990655917282 0.19966059831513985 0.19878739233898116 0.1961468011704091 -0.057951233952273265 -0.2352655609337696 0.08660046522454273 0.08547704130121808 -0.027965374175654777 -0.11356127643036112 -0.33589993567933735 0.04123694359023056 -0.010359318577058145 -0.042073411590684395 -0.12446829634976182 -0.48623348663342436 0.2495104481423449 0.1981989924248476 0.08639864054257612 0.041686819365019216 0.015440825396198836
0.24127317291465583 0.2407498691138477 0.23953259938214533 0.23643854146496893 -0.1233772879763852 0.19642459761207715 0.19544692278978817 0.19294616979697726 -0.06651673821669328 -0.26134834669425117 0.10528703454348656 0.10396617415697873 -0.022015952354569532 -0.0865314448884077 -0.32160285755596996 0.034396241823308575 -0.009759738596779394 -0.03836324460897291 -0.14260424728197799 -0.4862336222473913 0.23889210022579066 0.19497256163373183 0.10508470910241101 0.03477319381755618 0.015414070677658338
0.24659614577004185 0.24603712156996088 0.24480903083494426 0.2415624938214444 -0.14504932847425853 0.22419590975092962 0.22308538942850384 0.22013966286878947 -0.052996909297459406 -0.254543736126126 0.08141443408875242 0.08036970411090867 -0.021446022034619303 -0.10303735201440854 -0.3227135265065192 0.03251410806154695 -0.009513928947048493 -0.04571506122920462 -0.14319810629422428 -0.48623805172243956 0.24429239310718007 0.22264036104831497 0.0813134084123225 0.03290014970277988 0.01459446411786757
0.23750115080506887 0.23690895427291192 0.23575665290694167 0.23271343729772706 -0.147544908708802 0.23979802140737722 0.23863035598940643 0.2355481487145755 -0.04557599830042332 -0.24093755741208342 0.07360988248487221 0.07269275391731737 -0.02157708422388695 -0.11410220551230191 -0.32159968306607783 0.03440752818213759 -0.009564491925829196 -0.050585931212460966 -0.14259553881919731 -0.4862297292249922 0.2351318265769717 0.23799407492549854 0.07348168189855979 0.03478474530510804 0.015418230665246889
0.26347905267399074 0.26285364258833194 0.2615401948016268 0.258144673315141 -0.14057397809064134 0.19903792872545217 0.19806672438857745 0.19553002890504115 -0.06126195881509195 -0.25129316338808483 0.0862291414322725 0.08515147314241292 -0.024736154222548382 -0.10149686384644963 -0.3216224264431723 0.03437099023234868 -0.01096525915217148 -0.0449975220397466 -0.14260793542239997 -0.4862335180670996 0.26081090826309455 0.19758477166571964 0.08607334573074878 0.03474812554163259 0.01540240259056909
