0.07001224286323592
0.0842369688557541
0.08184980792094428
0.08028321449071328
0.07001224286323592
0.07364284808335457
0.07210877154011366
0.0801566178014128
0.1117475746804529
0.07001224286323592
0.07001224286323592
0.0788418991543975
0.07979020862039776
0.07001224286323592
0.07001224286323592
0.07123930335599231
0.07224835604582808
0.07001224286323592
0.07175448262909596
0.07001223109109644
0.07427223413195425
0.07186302411099589
0.07402845464356073
0.07696936519699837
0.07430743516211
0.07001224286323592
0.07237556319047896
0.07092681953353065
0.0707307462004895
0.09467668149824668
0.07938719034758662
0.07185060004387653
0.08821284049784371
0.07209719817333043
0.07398247987524485
0.08013730448851597
0.07001224286323592
0.07322341839927485
0.07036939897696196
0.07010710764574263
0.0731119044706824
0.07401112452559293
0.07180801648068764
0.07169244865521542
0.07013826666912652
0.07027958038680322
0.07275251839938719
0.0711220900216293
0.07002896931502897
0.09779172227586999
0.07001203108594921
0.0703979973688844
0.07162662082658393
0.0756429494428676
0.07001224286323592
0.07036716278081649
0.07959858934246865
0.0762183368631839
0.07221032698849497
0.07001224887408423
0.07858347503442402
0.07002897346094217
0.07135504955373367
0.07677176979559297
0.07001224286323592
0.07175448262909596
0.07001224286323592
0.07048521992692472
0.07001224286323592
0.07128307416979122
0.0707260619352309
0.07064071158468876
0.0719163544331268
0.07001224286323592
0.08125555738884645
0.07001224286323592
0.07966255730122007
0.07828117953951579
0.07975891220269228
0.07001222503145291
0.07414098273137526
0.07001223914492478
0.07001224286323592
0.07346601056047578
0.07001224286323592
0.07001204890382076
0.07218015831951485
0.07001204890382076
0.07162738127368137
0.07321636109785609
0.07021675769230712
0.07479760426641485
0.07175448262909596
0.07624480209053408
0.07001224286323592
0.07175755680304043
0.07380534578119843
0.07402852431632405
0.08028320630141367
0.07001204890382076
