3.1674334629381675e-07
3.1674334629381675e-07
3.1674334629381675e-07
3.1674334629381675e-07
3.1674334629381675e-07
3.1674334629381675e-07
3.1674334629381675e-07
3.1674334629381675e-07
3.1674334629381675e-07
3.1674334629381675e-07
3.1674334629381675e-07
3.1674334629381675e-07
0.0030238376771148053
0.008028156786061941
3.1674334629381675e-07
0.00042988194803694784
0.0006285163350816228
3.1674334629381675e-07
3.1674334629381675e-07
0.0004691299026969736
3.1674334629381675e-07
0.003480434082698521
0.0014765631871524248
0.0005921322942660677
0.006242552791828797
3.1674334629381675e-07
3.1674334629381675e-07
0.0013398259082848295
0.0017944717171772047
0.0006289566835033116
3.1674334629381675e-07
0.003897389131605982
3.1674334629381675e-07
9.508020257858324e-05
0.00036233566157820946
3.1674334629381675e-07
3.1674334629381675e-07
0.00045365291619488957
3.1674334629381675e-07
0.0005921322942660677
3.1674334629381675e-07
3.1674334629381675e-07
0.001473619151038953
0.0007990213206525978
3.1674334629381675e-07
0.001472971273836794
0.004192500054048214
3.1674334629381675e-07
3.1674334629381675e-07
0.0007631965386543358
3.1674334629381675e-07
3.1674334629381675e-07
0.007866145506868679
0.007698598014832363
0.0018980519913915387
0.0006827357219422669
3.1674334629381675e-07
0.0006707139017925904
3.1674334629381675e-07
3.1674334629381675e-07
3.1674334629381675e-07
0.004192500054048214
3.1674334629381675e-07
0.00674416632641431
3.1674334629381675e-07
3.1674334629381675e-07
0.0007499929221584656
1.1354057001044083e-05
3.1674334629381675e-07
0.004192500054048214
0.0042678449363881925
0.005761268806455231
0.002978962376468066
3.1674334629381675e-07
0.0011023577284420929
3.1674334629381675e-07
3.1674334629381675e-07
0.0015785666610440318
0.0016443803205335348
0.004424984921866912
0.0061466817768893465
0.00010701246399436925
3.1674334629381675e-07
0.0025758435664028616
0.006260106353131966
3.1674334629381675e-07
0.00043500682744792993
0.001001101516921364
0.00036233566157820946
0.0020264686113119234
0.0008778020448078683
0.004192500054048214
0.0005213746439389886
0.0007574858391208725
3.1674334629381675e-07
0.0011345321227527784
6.979648762201826e-05
0.00014931345206552034
3.1674334629381675e-07
0.0013761359311866806
