6.315618209612064e-06
6.315618209612064e-06
6.315618209612064e-06
6.315618209612064e-06
6.315618209612064e-06
6.315618209612064e-06
6.315618209612064e-06
6.315618209612064e-06
0.8506665240927089
6.315618209612064e-06
6.315618209612064e-06
6.315618209612064e-06
0.021895730607867932
0.003015316617497914
0.1966984245261556
2.914757142481987
6.315618209612064e-06
0.5328550053546052
0.0019307911410386962
3.5789520974879037
2.9245345140279135
0.008818454328569985
2.9149492575908016
0.0016789697053447802
0.19508097659617848
0.03377628221473101
6.315618209612064e-06
0.011171670924460246
0.29818475603476213
0.0017420781577137938
0.204554070223036
6.315618209612064e-06
0.3676817413801034
1.3569378866912594
0.0017420781577137938
0.019361132574634815
0.012351584318571997
0.20722100311752348
6.315618209612064e-06
0.024375666435011212
0.003015316617497914
0.003015316617497914
2.932515627894033
3.054223593103569
0.26854560410702855
0.00924428684016243
0.04721668257481097
0.23202768747433572
0.00924428684016243
0.02235088576558229
6.315618209612064e-06
0.027868888641093933
5.23372046501487
0.004204082623626694
1.0831984341329346
0.021895730607867932
0.3676817413801034
0.5810497360804117
2.9346938500316444
0.4340935410792215
3.051133598339615
0.0017034640504587594
0.20722100311752348
0.1305115764838395
0.20741146597836618
3.0524581117485763
1.0817940014275862
6.315618209612064e-06
6.315618209612064e-06
6.315618209612064e-06
0.21816507493610265
5.882186014148779
0.004527729681383944
0.021895730607867932
0.00924428684016243
0.4071920704414209
0.3676817413801034
0.2850235435071883
0.019882207847983484
6.315618209612064e-06
0.08705774999535301
0.206032083134741
0.026544699669960405
0.01022427881429384
2.2291038219963446
0.2968113403907095
0.026211566282297604
3.0524581117485763
5.234783103305482
0.00924428684016243
0.3689422531515313
0.3676817413801034
2.2734684671854706
3.0502421838176166
0.003015316617497914
0.00924428684016243
6.315618209612064e-06
6.315618209612064e-06
3.0502421838176166
6.315618209612064e-06
