0.6986717483934989 0.6986717483934989 0.698671748393499 0.6986717483934989 -0.3416579592760116 0.07367636930562019 0.07367636930562038 0.07367636930562012 -0.07175571120590246 -0.36993022952077653 0.015473663455100763 0.015473663455100825 -0.017776527357257023 -0.09164531623806983 -0.3924462900001842 0.003833395239262426 -0.004725436285914799 -0.02436156928078003 -0.10432183416759346 -0.49949049483631386 0.6986717483934991 0.07367636930562028 0.01547366345510078 0.003833395239262337 0.0010190103273723145
0.6986717483934989 0.6986717483934989 0.698671748393499 0.6986717483934989 -0.3416579592760116 0.07367636930562019 0.07367636930562038 0.07367636930562012 -0.07175571120590246 -0.36993022952077653 0.015473663455100763 0.015473663455100825 -0.017776527357257023 -0.09164531623806983 -0.3924462900001842 0.003833395239262426 -0.004725436285914799 -0.02436156928078003 -0.10432183416759346 -0.49949049483631386 0.6986717483934991 0.07367636930562028 0.01547366345510078 0.003833395239262337 0.0010190103273723145
0.6986717483934989 0.6986717483934989 0.698671748393499 0.6986717483934989 -0.3416579592760116 0.07367636930562019 0.07367636930562038 0.07367636930562012 -0.07175571120590246 -0.36993022952077653 0.015473663455100763 0.015473663455100825 -0.017776527357257023 -0.09164531623806983 -0.3924462900001842 0.003833395239262426 -0.004725436285914799 -0.02436156928078003 -0.10432183416759346 -0.49949049483631386 0.6986717483934991 0.07367636930562028 0.01547366345510078 0.003833395239262337 0.0010190103273723145
0.6986717483934989 0.6986717483934989 0.698671748393499 0.6986717483934989 -0.3416579592760116 0.07367636930562019 0.07367636930562038 0.07367636930562012 -0.07175571120590246 -0.36993022952077653 0.015473663455100763 0.015473663455100825 -0.017776527357257023 -0.09164531623806983 -0.3924462900001842 0.003833395239262426 -0.004725436285914799 -0.02436156928078003 -0.10432183416759346 -0.49949049483631386 0.6986717483934991 0.07367636930562028 0.01547366345510078 0.003833395239262337 0.0010190103273723145
0.6986717483934989 0.6986717483934989 0.698671748393499 0.6986717483934989 -0.3416579592760116 0.07367636930562019 0.07367636930562038 0.07367636930562012 -0.07175571120590246 -0.36993022952077653 0.015473663455100763 0.015473663455100825 -0.017776527357257023 -0.09164531623806983 -0.3924462900001842 0.003833395239262426 -0.004725436285914799 -0.02436156928078003 -0.10432183416759346 -0.49949049483631386 0.6986717483934991 0.07367636930562028 0.01547366345510078 0.003833395239262337 0.0010190103273723145
0.6986717483934989 0.6986717483934989 0.698671748393499 0.6986717483934989 -0.3416579592760116 0.07367636930562019 0.07367636930562038 0.07367636930562012 -0.07175571120590246 -0.36993022952077653 0.015473663455100763 0.015473663455100825 -0.017776527357257023 -0.09164531623806983 -0.3924462900001842 0.003833395239262426 -0.004725436285914799 -0.02436156928078003 -0.10432183416759346 -0.49949049483631386 0.6986717483934991 0.07367636930562028 0.01547366345510078 0.003833395239262337 0.0010190103273723145
0.6986717483934989 0.6986717483934989 0.698671748393499 0.6986717483934989 -0.3416579592760116 0.07367636930562019 0.07367636930562038 0.07367636930562012 -0.07175571120590246 -0.36993022952077653 0.015473663455100763 0.015473663455100825 -0.017776527357257023 -0.09164531623806983 -0.3924462900001842 0.003833395239262426 -0.004725436285914799 -0.02436156928078003 -0.10432183416759346 -0.49949049483631386 0.6986717483934991 0.07367636930562028 0.01547366345510078 0.003833395239262337 0.0010190103273723145
0.6986717483934989 0.6986717483934989 0.698671748393499 0.6986717483934989 -0.3416579592760116 0.07367636930562019 0.07367636930562038 0.07367636930562012 -0.07175571120590246 -0.36993022952077653 0.015473663455100763 0.015473663455100825 -0.017776527357257023 -0.09164531623806983 -0.3924462900001842 0.003833395239262426 -0.004725436285914799 -0.02436156928078003 -0.10432183416759346 -0.49949049483631386 0.6986717483934991 0.07367636930562028 0.01547366345510078 0.003833395239262337 0.0010190103273723145
0.6986717483934989 0.6986717483934989 0.698671748393499 0.6986717483934989 -0.3416579592760116 0.07367636930562019 0.07367636930562038 0.07367636930562012 -0.07175571120590246 -0.36993022952077653 0.015473663455100763 0.015473663455100825 -0.017776527357257023 -0.09164531623806983 -0.3924462900001842 0.003833395239262426 -0.004725436285914799 -0.02436156928078003 -0.10432183416759346 -0.49949049483631386 0.6986717483934991 0.07367636930562028 0.01547366345510078 0.003833395239262337 0.0010190103273723145
0.6986717483934989 0.6986717483934989 0.698671748393499 0.6986717483934989 -0.3416579592760116 0.07367636930562019 0.07367636930562038 0.07367636930562012 -0.07175571120590246 -0.36993022952077653 0.015473663455100763 0.015473663455100825 -0.017776527357257023 -0.09164531623806983 -0.3924462900001842 0.003833395239262426 -0.004725436285914799 -0.02436156928078003 -0.10432183416759346 -0.49949049483631386 0.6986717483934991 0.07367636930562028 0.01547366345510078 0.003833395239262337 0.0010190103273723145
0.6986717483934989 0.6986717483934989 0.698671748393499 0.6986717483934989 -0.3416579592760116 0.07367636930562019 0.07367636930562038 0.07367636930562012 -0.07175571120590246 -0.36993022952077653 0.015473663455100763 0.015473663455100825 -0.017776527357257023 -0.09164531623806983 -0.3924462900001842 0.003833395239262426 -0.004725436285914799 -0.02436156928078003 -0.10432183416759346 -0.49949049483631386 0.6986717483934991 0.07367636930562028 0.01547366345510078 0.003833395239262337 0.0010190103273723145
0.6986717483934989 0.6986717483934989 0.698671748393499 0.6986717483934989 -0.3416579592760116 0.07367636930562019 0.07367636930562038 0.07367636930562012 -0.07175571120590246 -0.36993022952077653 0.015473663455100763 0.015473663455100825 -0.017776527357257023 -0.09164531623806983 -0.3924462900001842 0.003833395239262426 -0.004725436285914799 -0.02436156928078003 -0.10432183416759346 -0.49949049483631386 0.6986717483934991 0.07367636930562028 0.01547366345510078 0.003833395239262337 0.0010190103273723145
0.7096342624103898 0.70963426241039 0.7096342624103898 0.7096342624103901 -0.35033803788420903 0.07167506430031649 0.07167506430031666 0.07167506430031646 -0.061667879285786355 -0.3370832064556898 0.012616526711649121 0.0126165267116492 -0.022195335415623792 -0.12132207101829887 -0.40236838069764763 0.004540905985229496 -0.005183562771986953 -0.028333907056350367 -0.09397027437309258 -0.49946975184705783 0.7096342624103897 0.07167506430031667 0.012616526711649294 0.004540905985229535 0.0010604963058841674
0.6627683659403338 0.6627683659403336 0.6627683659403333 0.6627683659403333 -0.34133048257464854 0.08683836035966315 0.08683836035966304 0.08683836035966304 -0.06295544214129394 -0.3563459921615599 0.016016581144556858 0.01601658114455669 -0.018519511614443693 -0.1048257865584574 -0.4055180198757957 0.004711574574674371 -0.004143829413403362 -0.02345527175162152 -0.09073659896710673 -0.49947288131262724 0.6627683659403334 0.08683836035966296 0.01601658114455674 0.004711574574674375 0.0010542373747455382
0.6986717483934989 0.6986717483934989 0.698671748393499 0.6986717483934989 -0.3416579592760116 0.07367636930562019 0.07367636930562038 0.07367636930562012 -0.07175571120590246 -0.36993022952077653 0.015473663455100763 0.015473663455100825 -0.017776527357257023 -0.09164531623806983 -0.3924462900001842 0.003833395239262426 -0.004725436285914799 -0.02436156928078003 -0.10432183416759346 -0.49949049483631386 0.6986717483934991 0.07367636930562028 0.01547366345510078 0.003833395239262337 0.0010190103273723145
0.6939834355153306 0.6939834355153308 0.6939834355153305 0.6939834355153304 -0.33962959015703825 0.07488095180543895 0.07488095180543913 0.07488095180543905 -0.0698999587043229 -0.3575635580387618 0.015411423476147683 0.01541142347614752 -0.019460768642220516 -0.09954886679283813 -0.38700779966623045 0.004290677022932763 -0.005495936861222104 -0.028113703860221162 -0.10929529407958014 -0.49939413261512255 0.6939834355153307 0.07488095180543906 0.015411423476147526 0.004290677022932776 0.001211734769754944
0.6917847093540397 0.6917847093540397 0.6917847093540399 0.6917847093540398 -0.3413073380203815 0.07603242668212362 0.07603242668212368 0.07603242668212362 -0.06904987736110083 -0.3610441269672282 0.015382117971205207 0.015382117971205263 -0.019253034532003315 -0.10066918740094709 -0.40165618951806636 0.004288964148715668 -0.004547627931045345 -0.023778381930350534 -0.0948724681864269 -0.49949346652015997 0.6917847093540396 0.07603242668212393 0.015382117971205244 0.004288964148715527 0.0010130669596800223
0.6986717483934989 0.6986717483934989 0.698671748393499 0.6986717483934989 -0.3416579592760116 0.07367636930562019 0.07367636930562038 0.07367636930562012 -0.07175571120590246 -0.36993022952077653 0.015473663455100763 0.015473663455100825 -0.017776527357257023 -0.09164531623806983 -0.3924462900001842 0.003833395239262426 -0.004725436285914799 -0.02436156928078003 -0.10432183416759346 -0.49949049483631386 0.6986717483934991 0.07367636930562028 0.01547366345510078 0.003833395239262337 0.0010190103273723145
0.6986717483934989 0.6986717483934989 0.698671748393499 0.6986717483934989 -0.3416579592760116 0.07367636930562019 0.07367636930562038 0.07367636930562012 -0.07175571120590246 -0.36993022952077653 0.015473663455100763 0.015473663455100825 -0.017776527357257023 -0.09164531623806983 -0.3924462900001842 0.003833395239262426 -0.004725436285914799 -0.02436156928078003 -0.10432183416759346 -0.49949049483631386 0.6986717483934991 0.07367636930562028 0.01547366345510078 0.003833395239262337 0.0010190103273723145
0.6988880951231587 0.6988880951231582 0.6988880951231583 0.6988880951231582 -0.34421554271702054 0.0741516406410335 0.07415164064103363 0.07415164064103369 -0.07184279749889069 -0.37958401140825515 0.015476527470939324 0.015476527470939281 -0.015503713988321614 -0.08191443195825236 -0.3808253285073568 0.00333984287632391 -0.004731158845056239 -0.02499724837474189 -0.11621377450243094 -0.49949040187475985 0.6988880951231581 0.07415164064103351 0.015476527470939392 0.003339842876323908 0.0010191962504802665
0.6986717483934989 0.6986717483934989 0.698671748393499 0.6986717483934989 -0.3416579592760116 0.07367636930562019 0.07367636930562038 0.07367636930562012 -0.07175571120590246 -0.36993022952077653 0.015473663455100763 0.015473663455100825 -0.017776527357257023 -0.09164531623806983 -0.3924462900001842 0.003833395239262426 -0.004725436285914799 -0.02436156928078003 -0.10432183416759346 -0.49949049483631386 0.6986717483934991 0.07367636930562028 0.01547366345510078 0.003833395239262337 0.0010190103273723145
0.7137223075638123 0.713722307563812 0.7137223075638124 0.7137223075638122 -0.33920392203566163 0.06802821982483129 0.06802821982483145 0.06802821982483162 -0.07273257210047487 -0.35320791583337774 0.014586704580486567 0.014586704580486413 -0.023069757072629014 -0.11203262278624286 -0.419610121595574 0.004626699172650921 -0.004229788933123889 -0.0205409335918994 -0.07693458769263078 -0.49957585247005915 0.7137223075638125 0.0680282198248314 0.01458670458048647 0.004626699172650788 0.0008482950598812972
0.7134741007770737 0.7134741007770736 0.7134741007770735 0.7134741007770736 -0.3313511522271965 0.06653408073751152 0.06653408073751164 0.06653408073751153 -0.08155451267062397 -0.3693704550642068 0.016375843252885842 0.016375843252885842 -0.02019055661960713 -0.0914455232747685 -0.39231265832716544 0.004054188782006064 -0.005366277820690066 -0.02430453466915607 -0.10426947393380186 -0.49946123567191203 0.7134741007770734 0.06653408073751138 0.016375843252885876 0.0040541887820058605 0.0010775286561758067
0.6999673866361393 0.699967386636139 0.6999673866361392 0.6999673866361393 -0.3441723330622779 0.07376266845264544 0.07376266845264541 0.07376266845264538 -0.07227919573080537 -0.3806716814303196 0.015490804572459578 0.015490804572459492 -0.015342868839647354 -0.08080604135256324 -0.3793733476326275 0.0032882682267391036 -0.004759835041590667 -0.02506854690748824 -0.11769341006429185 -0.4994899384692863 0.6999673866361393 0.07376266845264538 0.015490804572459561 0.0032882682267388924 0.0010201230614273213
0.6711808077346534 0.6711808077346534 0.6711808077346532 0.6711808077346534 -0.34661192535509705 0.08490458309548253 0.08490458309548238 0.08490458309548263 -0.06165945628712544 -0.3602522806986952 0.015103838174607372 0.015103838174607394 -0.01812467081752269 -0.10589541965015656 -0.4191805473928727 0.004439742279288416 -0.003350780967474414 -0.019577313170479345 -0.07749559781145021 -0.49958960347253445 0.6711808077346532 0.08490458309548245 0.015103838174607495 0.004439742279288531 0.000820793054930984
0.6986717483934989 0.6986717483934989 0.698671748393499 0.6986717483934989 -0.3416579592760116 0.07367636930562019 0.07367636930562038 0.07367636930562012 -0.07175571120590246 -0.36993022952077653 0.015473663455100763 0.015473663455100825 -0.017776527357257023 -0.09164531623806983 -0.3924462900001842 0.003833395239262426 -0.004725436285914799 -0.02436156928078003 -0.10432183416759346 -0.49949049483631386 0.6986717483934991 0.07367636930562028 0.01547366345510078 0.003833395239262337 0.0010190103273723145
0.6986717483934989 0.6986717483934989 0.698671748393499 0.6986717483934989 -0.3416579592760116 0.07367636930562019 0.07367636930562038 0.07367636930562012 -0.07175571120590246 -0.36993022952077653 0.015473663455100763 0.015473663455100825 -0.017776527357257023 -0.09164531623806983 -0.3924462900001842 0.003833395239262426 -0.004725436285914799 -0.02436156928078003 -0.10432183416759346 -0.49949049483631386 0.6986717483934991 0.07367636930562028 0.01547366345510078 0.003833395239262337 0.0010190103273723145
0.7108289689964924 0.7108289689964928 0.7108289689964925 0.7108289689964926 -0.35400529771042405 0.07200612340275375 0.07200612340275366 0.07200612340275368 -0.06708471733833722 -0.3797622223833675 0.013645305497813585 0.013645305497813686 -0.01466802298885921 -0.08303472428937593 -0.38140966402987836 0.002983535783902813 -0.004459101854557786 -0.02524268562659539 -0.11594913244365948 -0.49954650023533353 0.7108289689964925 0.07200612340275352 0.0136453054978136 0.0029835357839028604 0.0009069995293330469
0.6974163099607553 0.6974163099607555 0.6974163099607553 0.6974163099607554 -0.33924303176864073 0.0735926353503498 0.07359263535034948 0.07359263535034961 -0.07125291294709803 -0.360029689169663 0.015457029766619012 0.015457029766618922 -0.020939503718921237 -0.10580399738727092 -0.41912115855866655 0.00454244632106345 -0.003870847852179595 -0.019558781408389247 -0.07747816080969776 -0.4995801448109383 0.6974163099607558 0.07359263535034917 0.015457029766619076 0.0045424463210633525 0.0008397103781231522
0.7014311062219074 0.7014311062219073 0.701431106221908 0.7014311062219076 -0.35035156442360954 0.07456475632140545 0.07456475632140597 0.07456475632140568 -0.0650435353438074 -0.36335624658155913 0.013843110337391554 0.013843110337391431 -0.018053643249584268 -0.10085405126915403 -0.4052846525061314 0.003842327668305005 -0.004082622090382864 -0.022806974300077658 -0.09165042492200048 -0.4995655510746433 0.701431106221908 0.07456475632140568 0.01384311033739149 0.0038423276683051916 0.0008688978507136529
0.6986717483934989 0.6986717483934989 0.698671748393499 0.6986717483934989 -0.3416579592760116 0.07367636930562019 0.07367636930562038 0.07367636930562012 -0.07175571120590246 -0.36993022952077653 0.015473663455100763 0.015473663455100825 -0.017776527357257023 -0.09164531623806983 -0.3924462900001842 0.003833395239262426 -0.004725436285914799 -0.02436156928078003 -0.10432183416759346 -0.49949049483631386 0.6986717483934991 0.07367636930562028 0.01547366345510078 0.003833395239262337 0.0010190103273723145
0.7240214367625715 0.7240214367625716 0.7240214367625718 0.7240214367625717 -0.3531375830979296 0.06730353402537714 0.06730353402537735 0.0673035340253772 -0.0700788302476645 -0.3799391629643391 0.013356134157842856 0.013356134157842965 -0.01532609975302864 -0.08309193362809682 -0.3814482577967281 0.0029209597776461375 -0.004659360541307893 -0.025261174276985314 -0.11596590062500699 -0.499555992556814 0.7240214367625717 0.06730353402537731 0.01335613415784288 0.002920959777646218 0.0008880148863720781
0.6986717483934989 0.6986717483934989 0.698671748393499 0.6986717483934989 -0.3416579592760116 0.07367636930562019 0.07367636930562038 0.07367636930562012 -0.07175571120590246 -0.36993022952077653 0.015473663455100763 0.015473663455100825 -0.017776527357257023 -0.09164531623806983 -0.3924462900001842 0.003833395239262426 -0.004725436285914799 -0.02436156928078003 -0.10432183416759346 -0.49949049483631386 0.6986717483934991 0.07367636930562028 0.01547366345510078 0.003833395239262337 0.0010190103273723145
0.6964532610009978 0.696453261000998 0.696453261000998 0.6964532610009982 -0.33740466996112833 0.07352832776066834 0.07352832776066807 0.07352832776066838 -0.07522042792404797 -0.3744045362858405 0.016392281349675006 0.016392281349675242 -0.01763756753528835 -0.08778978631878526 -0.3928175244033196 0.0038436363278107006 -0.004667244108703848 -0.023230888396653597 -0.10394717258482089 -0.4994914494594824 0.6964532610009979 0.07352832776066826 0.01639228134967515 0.003843636327810722 0.001017101081035384
0.6975415485255057 0.6975415485255061 0.6975415485255059 0.6975415485255057 -0.3394829976186508 0.07360099335925203 0.07360099335925195 0.07360099335925195 -0.07130287566768174 -0.3609959418988578 0.01545869017101045 0.015458690171010451 -0.019880152205855536 -0.1006502781752217 -0.40164360881026084 0.004310080212405086 -0.0046956797079271756 -0.023773533719998893 -0.09486797305070371 -0.499490980854086 0.6975415485255058 0.07360099335925198 0.015458690171010526 0.004310080212404865 0.0010180382918278685
0.6986717483934989 0.6986717483934989 0.698671748393499 0.6986717483934989 -0.3416579592760116 0.07367636930562019 0.07367636930562038 0.07367636930562012 -0.07175571120590246 -0.36993022952077653 0.015473663455100763 0.015473663455100825 -0.017776527357257023 -0.09164531623806983 -0.3924462900001842 0.003833395239262426 -0.004725436285914799 -0.02436156928078003 -0.10432183416759346 -0.49949049483631386 0.6986717483934991 0.07367636930562028 0.01547366345510078 0.003833395239262337 0.0010190103273723145
0.6986717483934989 0.6986717483934989 0.698671748393499 0.6986717483934989 -0.3416579592760116 0.07367636930562019 0.07367636930562038 0.07367636930562012 -0.07175571120590246 -0.36993022952077653 0.015473663455100763 0.015473663455100825 -0.017776527357257023 -0.09164531623806983 -0.3924462900001842 0.003833395239262426 -0.004725436285914799 -0.02436156928078003 -0.10432183416759346 -0.49949049483631386 0.6986717483934991 0.07367636930562028 0.01547366345510078 0.003833395239262337 0.0010190103273723145
0.7015463207404714 0.7015463207404716 0.7015463207404714 0.7015463207404713 -0.3505807459806454 0.0745724910972633 0.07457249109726335 0.07457249109726359 -0.06508570188770563 -0.3643500887297711 0.013844465163092345 0.013844465163092443 -0.017739528221288176 -0.09930596880712839 -0.4021472510919334 0.003773398355495037 -0.004181855311742636 -0.023410047210020168 -0.09480080851661969 -0.49955523603109936 0.7015463207404712 0.07457249109726355 0.01384446516309251 0.003773398355495116 0.0008895279378011032
0.6986717483934989 0.6986717483934989 0.698671748393499 0.6986717483934989 -0.3416579592760116 0.07367636930562019 0.07367636930562038 0.07367636930562012 -0.07175571120590246 -0.36993022952077653 0.015473663455100763 0.015473663455100825 -0.017776527357257023 -0.09164531623806983 -0.3924462900001842 0.003833395239262426 -0.004725436285914799 -0.02436156928078003 -0.10432183416759346 -0.49949049483631386 0.6986717483934991 0.07367636930562028 0.01547366345510078 0.003833395239262337 0.0010190103273723145
0.6999673866361393 0.699967386636139 0.6999673866361392 0.6999673866361393 -0.3441723330622779 0.07376266845264544 0.07376266845264541 0.07376266845264538 -0.07227919573080537 -0.3806716814303196 0.015490804572459578 0.015490804572459492 -0.015342868839647354 -0.08080604135256324 -0.3793733476326275 0.0032882682267391036 -0.004759835041590667 -0.02506854690748824 -0.11769341006429185 -0.4994899384692863 0.6999673866361393 0.07376266845264538 0.015490804572459561 0.0032882682267388924 0.0010201230614273213
0.6986717483934989 0.6986717483934989 0.698671748393499 0.6986717483934989 -0.3416579592760116 0.07367636930562019 0.07367636930562038 0.07367636930562012 -0.07175571120590246 -0.36993022952077653 0.015473663455100763 0.015473663455100825 -0.017776527357257023 -0.09164531623806983 -0.3924462900001842 0.003833395239262426 -0.004725436285914799 -0.02436156928078003 -0.10432183416759346 -0.49949049483631386 0.6986717483934991 0.07367636930562028 0.01547366345510078 0.003833395239262337 0.0010190103273723145
0.6986717483934989 0.6986717483934989 0.698671748393499 0.6986717483934989 -0.3416579592760116 0.07367636930562019 0.07367636930562038 0.07367636930562012 -0.07175571120590246 -0.36993022952077653 0.015473663455100763 0.015473663455100825 -0.017776527357257023 -0.09164531623806983 -0.3924462900001842 0.003833395239262426 -0.004725436285914799 -0.02436156928078003 -0.10432183416759346 -0.49949049483631386 0.6986717483934991 0.07367636930562028 0.01547366345510078 0.003833395239262337 0.0010190103273723145
0.6838493373362664 0.6838493373362663 0.6838493373362656 0.683849337336266 -0.3393415408188455 0.07844056222756644 0.07844056222756633 0.07844056222756644 -0.07102026161392337 -0.371828454652683 0.016416702880237485 0.016416702880237777 -0.017582046571826732 -0.09205126900225667 -0.40311632998364083 0.004064181517174453 -0.004082960956204092 -0.02137644987856488 -0.09361300627930685 -0.4995281011688326 0.6838493373362661 0.07844056222756639 0.016416702880237707 0.004064181517174326 0.0009437976623346443
0.6959779372414682 0.6959779372414687 0.6959779372414684 0.6959779372414685 -0.3365018084749758 0.07349656394283355 0.07349656394283367 0.0734965639428339 -0.07068215666358772 -0.349255141110237 0.015437942727220441 0.015437942727220402 -0.021746687401648562 -0.10745487596384576 -0.3935587395534244 0.004749771801832246 -0.005661907457011083 -0.0279766546635413 -0.10246586623029821 -0.49938168126742244 0.6959779372414688 0.07349656394283388 0.01543794272722042 0.004749771801832547 0.0012366374651553117
0.6986717483934989 0.6986717483934989 0.698671748393499 0.6986717483934989 -0.3416579592760116 0.07367636930562019 0.07367636930562038 0.07367636930562012 -0.07175571120590246 -0.36993022952077653 0.015473663455100763 0.015473663455100825 -0.017776527357257023 -0.09164531623806983 -0.3924462900001842 0.003833395239262426 -0.004725436285914799 -0.02436156928078003 -0.10432183416759346 -0.49949049483631386 0.6986717483934991 0.07367636930562028 0.01547366345510078 0.003833395239262337 0.0010190103273723145
0.7134292666721285 0.7134292666721284 0.7134292666721282 0.713429266672128 -0.3312655358484734 0.0665314782901771 0.06653147829017694 0.06653147829017707 -0.08153359013881946 -0.3690378641915928 0.016375232842580748 0.01637523284258088 -0.02027743201776909 -0.09177984423826893 -0.392679078703009 0.004072526061654198 -0.005364904130455515 -0.024282663850875075 -0.10389311671375226 -0.49946125545211034 0.7134292666721285 0.06653147829017715 0.016375232842580904 0.004072526061654228 0.0010774890957795495
0.672343489525216 0.6723434895252159 0.6723434895252162 0.6723434895252159 -0.34883604886516095 0.08500000690099886 0.08500000690099889 0.08500000690099875 -0.06205062302242341 -0.3701498404066871 0.01511972000105976 0.0151197200010598 -0.015376251937004785 -0.0917237720317268 -0.392498765216484 0.003746692823200754 -0.004087643505353763 -0.024383970981232843 -0.10434239989495855 -0.49950198706914867 0.6723434895252163 0.08500000690099847 0.015119720001059843 0.003746692823201021 0.0009960258617025667
0.6986717483934989 0.6986717483934989 0.698671748393499 0.6986717483934989 -0.3416579592760116 0.07367636930562019 0.07367636930562038 0.07367636930562012 -0.07175571120590246 -0.36993022952077653 0.015473663455100763 0.015473663455100825 -0.017776527357257023 -0.09164531623806983 -0.3924462900001842 0.003833395239262426 -0.004725436285914799 -0.02436156928078003 -0.10432183416759346 -0.49949049483631386 0.6986717483934991 0.07367636930562028 0.01547366345510078 0.003833395239262337 0.0010190103273723145
0.6986717483934989 0.6986717483934989 0.698671748393499 0.6986717483934989 -0.3416579592760116 0.07367636930562019 0.07367636930562038 0.07367636930562012 -0.07175571120590246 -0.36993022952077653 0.015473663455100763 0.015473663455100825 -0.017776527357257023 -0.09164531623806983 -0.3924462900001842 0.003833395239262426 -0.004725436285914799 -0.02436156928078003 -0.10432183416759346 -0.49949049483631386 0.6986717483934991 0.07367636930562028 0.01547366345510078 0.003833395239262337 0.0010190103273723145
0.7098766252329153 0.7098766252329161 0.7098766252329155 0.7098766252329155 -0.3520745692924784 0.07194564420210865 0.07194564420210824 0.0719456442021084 -0.0667218913198308 -0.37107139299104047 0.013634468013509177 0.01363446801350904 -0.01655201686762356 -0.09205344504457602 -0.39271926725783846 0.003382367317180776 -0.004401383292274919 -0.024478134492965695 -0.10442884606069147 -0.49955029362532566 0.7098766252329156 0.07194564420210858 0.013634468013509203 0.0033823673171808873 0.0008994127493488729
0.6986717483934989 0.6986717483934989 0.698671748393499 0.6986717483934989 -0.3416579592760116 0.07367636930562019 0.07367636930562038 0.07367636930562012 -0.07175571120590246 -0.36993022952077653 0.015473663455100763 0.015473663455100825 -0.017776527357257023 -0.09164531623806983 -0.3924462900001842 0.003833395239262426 -0.004725436285914799 -0.02436156928078003 -0.10432183416759346 -0.49949049483631386 0.6986717483934991 0.07367636930562028 0.01547366345510078 0.003833395239262337 0.0010190103273723145
0.6986717483934989 0.6986717483934989 0.698671748393499 0.6986717483934989 -0.3416579592760116 0.07367636930562019 0.07367636930562038 0.07367636930562012 -0.07175571120590246 -0.36993022952077653 0.015473663455100763 0.015473663455100825 -0.017776527357257023 -0.09164531623806983 -0.3924462900001842 0.003833395239262426 -0.004725436285914799 -0.02436156928078003 -0.10432183416759346 -0.49949049483631386 0.6986717483934991 0.07367636930562028 0.01547366345510078 0.003833395239262337 0.0010190103273723145
0.664069356970101 0.6640693569701012 0.664069356970101 0.6640693569701012 -0.332454473283416 0.08408884088389906 0.0840888408838992 0.08408884088389901 -0.06929191851655495 -0.35744494625525686 0.017526240670286825 0.017526240670286956 -0.020333956889184365 -0.10489347506916954 -0.41328694797633025 0.005143136888812404 -0.004072192876516345 -0.021006558846247397 -0.08276717486312417 -0.4994850032014007 0.6640693569701014 0.08408884088389904 0.017526240670287 0.005143136888812467 0.0010299935971984351
0.6629184445253661 0.662918444525366 0.6629184445253663 0.6629184445253664 -0.350851501857295 0.08920069351166084 0.0892006935116607 0.08920069351166074 -0.05896128491679496 -0.3702301092343403 0.01499035197818809 0.014990351978188031 -0.014612109331267484 -0.0917524582697535 -0.39251795202825535 0.003714991325724482 -0.00388459287907234 -0.02439216255173977 -0.10434992011004614 -0.49950618940350916 0.6629184445253661 0.08920069351166089 0.01499035197818807 0.0037149913257244556 0.0009876211929815452
0.70606582140674 0.7060658214067402 0.7060658214067398 0.7060658214067399 -0.322020203229555 0.06702827205127368 0.06702827205127358 0.06702827205127362 -0.09050761048362685 -0.38498013957787064 0.018839093564209288 0.01883909356420912 -0.01901058352894001 -0.08086278116636504 -0.40521669292573453 0.003957039191490999 -0.004298642905361306 -0.01828456344011897 -0.09162695398210696 -0.4995526202964564 0.7060658214067399 0.06702827205127346 0.01883909356420904 0.003957039191490886 0.0008947594070873618
0.6981293486209712 0.6981293486209713 0.6981293486209714 0.698129348620971 -0.34061204119850097 0.07364020646548936 0.07364020646548973 0.07364020646548934 -0.07153794877423421 -0.36559367817404737 0.015466479985016733 0.015466479985016468 -0.01772267390964533 -0.09057147503843654 -0.3745565483458899 0.0038316360197797124 -0.005770805429353602 -0.029491619749992173 -0.12196201170400267 -0.49937617692287906 0.698129348620971 0.07364020646548965 0.015466479985016527 0.003831636019779628 0.0012476461542418372
0.6986717483934989 0.6986717483934989 0.698671748393499 0.6986717483934989 -0.3416579592760116 0.07367636930562019 0.07367636930562038 0.07367636930562012 -0.07175571120590246 -0.36993022952077653 0.015473663455100763 0.015473663455100825 -0.017776527357257023 -0.09164531623806983 -0.3924462900001842 0.003833395239262426 -0.004725436285914799 -0.02436156928078003 -0.10432183416759346 -0.49949049483631386 0.6986717483934991 0.07367636930562028 0.01547366345510078 0.003833395239262337 0.0010190103273723145
0.6994410733508354 0.6994410733508356 0.6994410733508358 0.6994410733508359 -0.35008968397870066 0.07521904536109786 0.07521904536109783 0.07521904536109802 -0.06338017929505507 -0.3549885044733688 0.013617643705489261 0.01361764370548938 -0.018190455097279287 -0.10188362548821141 -0.38404580786136655 0.003908337576677722 -0.005330539430826844 -0.029856025048087865 -0.11254096233990767 -0.49942734946844247 0.6994410733508355 0.07521904536109815 0.013617643705489227 0.003908337576677899 0.0011453010631151041
0.6986717483934989 0.6986717483934989 0.698671748393499 0.6986717483934989 -0.3416579592760116 0.07367636930562019 0.07367636930562038 0.07367636930562012 -0.07175571120590246 -0.36993022952077653 0.015473663455100763 0.015473663455100825 -0.017776527357257023 -0.09164531623806983 -0.3924462900001842 0.003833395239262426 -0.004725436285914799 -0.02436156928078003 -0.10432183416759346 -0.49949049483631386 0.6986717483934991 0.07367636930562028 0.01547366345510078 0.003833395239262337 0.0010190103273723145
0.6986717483934989 0.6986717483934989 0.698671748393499 0.6986717483934989 -0.3416579592760116 0.07367636930562019 0.07367636930562038 0.07367636930562012 -0.07175571120590246 -0.36993022952077653 0.015473663455100763 0.015473663455100825 -0.017776527357257023 -0.09164531623806983 -0.3924462900001842 0.003833395239262426 -0.004725436285914799 -0.02436156928078003 -0.10432183416759346 -0.49949049483631386 0.6986717483934991 0.07367636930562028 0.01547366345510078 0.003833395239262337 0.0010190103273723145
0.6986717483934989 0.6986717483934989 0.698671748393499 0.6986717483934989 -0.3416579592760116 0.07367636930562019 0.07367636930562038 0.07367636930562012 -0.07175571120590246 -0.36993022952077653 0.015473663455100763 0.015473663455100825 -0.017776527357257023 -0.09164531623806983 -0.3924462900001842 0.003833395239262426 -0.004725436285914799 -0.02436156928078003 -0.10432183416759346 -0.49949049483631386 0.6986717483934991 0.07367636930562028 0.01547366345510078 0.003833395239262337 0.0010190103273723145
0.672343489525216 0.6723434895252159 0.6723434895252162 0.6723434895252159 -0.34883604886516095 0.08500000690099886 0.08500000690099889 0.08500000690099875 -0.06205062302242341 -0.3701498404066871 0.01511972000105976 0.0151197200010598 -0.015376251937004785 -0.0917237720317268 -0.392498765216484 0.003746692823200754 -0.004087643505353763 -0.024383970981232843 -0.10434239989495855 -0.49950198706914867 0.6723434895252163 0.08500000690099847 0.015119720001059843 0.003746692823201021 0.0009960258617025667
0.6986717483934989 0.6986717483934989 0.698671748393499 0.6986717483934989 -0.3416579592760116 0.07367636930562019 0.07367636930562038 0.07367636930562012 -0.07175571120590246 -0.36993022952077653 0.015473663455100763 0.015473663455100825 -0.017776527357257023 -0.09164531623806983 -0.3924462900001842 0.003833395239262426 -0.004725436285914799 -0.02436156928078003 -0.10432183416759346 -0.49949049483631386 0.6986717483934991 0.07367636930562028 0.01547366345510078 0.003833395239262337 0.0010190103273723145
0.6751168621869996 0.6751168621869996 0.6751168621870001 0.675116862187 -0.3542091516335007 0.08522715626742663 0.08522715626742676 0.08522715626742705 -0.0544457246244041 -0.3421271654632814 0.013100322956812389 0.013100322956812394 -0.019306334588420012 -0.12131754281512767 -0.41701335397559747 0.004645345800158956 -0.003679509448888263 -0.023121377238117195 -0.0794767421665907 -0.4995573319812014 0.6751168621870001 0.08522715626742669 0.013100322956812228 0.004645345800158685 0.0008853360375971635
0.6986717483934989 0.6986717483934989 0.698671748393499 0.6986717483934989 -0.3416579592760116 0.07367636930562019 0.07367636930562038 0.07367636930562012 -0.07175571120590246 -0.36993022952077653 0.015473663455100763 0.015473663455100825 -0.017776527357257023 -0.09164531623806983 -0.3924462900001842 0.003833395239262426 -0.004725436285914799 -0.02436156928078003 -0.10432183416759346 -0.49949049483631386 0.6986717483934991 0.07367636930562028 0.01547366345510078 0.003833395239262337 0.0010190103273723145
0.6986717483934989 0.6986717483934989 0.698671748393499 0.6986717483934989 -0.3416579592760116 0.07367636930562019 0.07367636930562038 0.07367636930562012 -0.07175571120590246 -0.36993022952077653 0.015473663455100763 0.015473663455100825 -0.017776527357257023 -0.09164531623806983 -0.3924462900001842 0.003833395239262426 -0.004725436285914799 -0.02436156928078003 -0.10432183416759346 -0.49949049483631386 0.6986717483934991 0.07367636930562028 0.01547366345510078 0.003833395239262337 0.0010190103273723145
0.6876562773815105 0.6876562773815108 0.6876562773815108 0.6876562773815108 -0.34495684200721277 0.07834226758281579 0.07834226758281608 0.07834226758281591 -0.06748739904377354 -0.3700212973333536 0.01532689087594637 0.015326890875946294 -0.016720927587122125 -0.09167784513951872 -0.3924680469802613 0.0037974471694514757 -0.004444948881283378 -0.024370857003483196 -0.1043303606976825 -0.49949525950460477 0.687656277381511 0.07834226758281589 0.015326890875946176 0.003797447169451344 0.0010094809907905983
0.6993869078311272 0.6993869078311274 0.6993869078311271 0.6993869078311272 -0.34304303362362915 0.07372401880125666 0.07372401880125666 0.07372401880125669 -0.07059944152388857 -0.3682554456469675 0.015172657783734077 0.015172657783734186 -0.017847842163282873 -0.09309655895015224 -0.39244488716482867 0.0038357130803927963 -0.004744385465024228 -0.024747303180185292 -0.10432128441376423 -0.4994901876310836 0.6993869078311267 0.07372401880125672 0.015172657783734238 0.0038357130803924476 0.0010196247378327465
0.6986717483934989 0.6986717483934989 0.698671748393499 0.6986717483934989 -0.3416579592760116 0.07367636930562019 0.07367636930562038 0.07367636930562012 -0.07175571120590246 -0.36993022952077653 0.015473663455100763 0.015473663455100825 -0.017776527357257023 -0.09164531623806983 -0.3924462900001842 0.003833395239262426 -0.004725436285914799 -0.02436156928078003 -0.10432183416759346 -0.49949049483631386 0.6986717483934991 0.07367636930562028 0.01547366345510078 0.003833395239262337 0.0010190103273723145
0.672343489525216 0.6723434895252159 0.6723434895252162 0.6723434895252159 -0.34883604886516095 0.08500000690099886 0.08500000690099889 0.08500000690099875 -0.06205062302242341 -0.3701498404066871 0.01511972000105976 0.0151197200010598 -0.015376251937004785 -0.0917237720317268 -0.392498765216484 0.003746692823200754 -0.004087643505353763 -0.024383970981232843 -0.10434239989495855 -0.49950198706914867 0.6723434895252163 0.08500000690099847 0.015119720001059843 0.003746692823201021 0.0009960258617025667
0.6742575631220659 0.6742575631220659 0.674257563122066 0.6742575631220658 -0.3322234151835765 0.08025068665801267 0.08025068665801269 0.08025068665801248 -0.0723576934740747 -0.362641496583305 0.0174784627479548 0.017478462747954917 -0.020067131862595157 -0.10057223194093917 -0.41212806806321056 0.0048473437982698075 -0.004096448742627359 -0.020530536994457848 -0.08413068283892679 -0.49950523832844 0.6742575631220655 0.08025068665801237 0.017478462747954875 0.0048473437982699055 0.0009895233431200462
0.6710266926258769 0.6710266926258766 0.6710266926258762 0.6710266926258766 -0.34631836044457803 0.08489192582936218 0.0848919258293623 0.08489192582936256 -0.06160782436432758 -0.35897599344174613 0.015101731394578632 0.01510173139457877 -0.018109520256659295 -0.10552041225224454 -0.41369788479542835 0.004439129500555721 -0.00362874725149887 -0.02114395635613707 -0.08289590453675141 -0.49955524832392323 0.6710266926258771 0.08489192582936238 0.01510173139457859 0.004439129500555804 0.0008895033521534219
0.6755611041672281 0.675561104167228 0.675561104167228 0.6755611041672284 -0.3346196955182628 0.08035072169502017 0.08035072169502025 0.08035072169502042 -0.07287432062030245 -0.37240121057530123 0.017498982675859687 0.01749898267585986 -0.017308328655155907 -0.088448749701545 -0.3922509352173431 0.004156171072424074 -0.004599891712972986 -0.023506294506013017 -0.10424529498257924 -0.49944772435124607 0.6755611041672285 0.0803507216950204 0.01749898267585987 0.004156171072424001 0.0011045512975075395
0.6986717483934989 0.6986717483934989 0.698671748393499 0.6986717483934989 -0.3416579592760116 0.07367636930562019 0.07367636930562038 0.07367636930562012 -0.07175571120590246 -0.36993022952077653 0.015473663455100763 0.015473663455100825 -0.017776527357257023 -0.09164531623806983 -0.3924462900001842 0.003833395239262426 -0.004725436285914799 -0.02436156928078003 -0.10432183416759346 -0.49949049483631386 0.6986717483934991 0.07367636930562028 0.01547366345510078 0.003833395239262337 0.0010190103273723145
0.6974105993148901 0.6974105993148897 0.6974105993148895 0.6974105993148895 -0.33923209471563864 0.07359225421437322 0.07359225421437328 0.07359225421437318 -0.07125063576499188 -0.35998574014756585 0.015456954049552244 0.015456954049552326 -0.020609835149755198 -0.10412884995405731 -0.41234821252072057 0.004471051681971593 -0.004208488954504831 -0.021262912182106273 -0.08420071704570802 -0.499543509895109 0.6974105993148901 0.07359225421437326 0.015456954049552473 0.0044710516819716625 0.0009129802097822707
0.6986717483934989 0.6986717483934989 0.698671748393499 0.6986717483934989 -0.3416579592760116 0.07367636930562019 0.07367636930562038 0.07367636930562012 -0.07175571120590246 -0.36993022952077653 0.015473663455100763 0.015473663455100825 -0.017776527357257023 -0.09164531623806983 -0.3924462900001842 0.003833395239262426 -0.004725436285914799 -0.02436156928078003 -0.10432183416759346 -0.49949049483631386 0.6986717483934991 0.07367636930562028 0.01547366345510078 0.003833395239262337 0.0010190103273723145
0.6986717483934989 0.6986717483934989 0.698671748393499 0.6986717483934989 -0.3416579592760116 0.07367636930562019 0.07367636930562038 0.07367636930562012 -0.07175571120590246 -0.36993022952077653 0.015473663455100763 0.015473663455100825 -0.017776527357257023 -0.09164531623806983 -0.3924462900001842 0.003833395239262426 -0.004725436285914799 -0.02436156928078003 -0.10432183416759346 -0.49949049483631386 0.6986717483934991 0.07367636930562028 0.01547366345510078 0.003833395239262337 0.0010190103273723145
0.7140529990658345 0.7140529990658346 0.7140529990658352 0.7140529990658351 -0.33245913411700767 0.06656767246849865 0.06656767246849893 0.06656767246849885 -0.08182527422080058 -0.3737133211378008 0.016383722072916055 0.016383722072915972 -0.019197284203508715 -0.08767805430336932 -0.38999800040005567 0.0038438364177838047 -0.005253564294364004 -0.02399413847315359 -0.10672757396593288 -0.4994740443089822 0.714052999065835 0.06656767246849879 0.01638372207291579 0.003843836417783807 0.0010519113820356466
0.6991452637001073 0.6991452637001071 0.699145263700107 0.699145263700107 -0.34257426435429916 0.07370792259965271 0.07370792259965281 0.07370792259965277 -0.06672818311507564 -0.34668082423737157 0.014357166512586512 0.014357166512586506 -0.021998349295759813 -0.11429062668413388 -0.4083369388557582 0.004733141966365162 -0.0047379722935955906 -0.02461574799848657 -0.08794701260258385 -0.4994902914033051 0.699145263700107 0.07370792259965277 0.014357166512586332 0.00473314196636527 0.0010194171933899136
0.6793329632272885 0.6793329632272886 0.6793329632272892 0.6793329632272886 -0.36176251006631255 0.0853817777127429 0.08538177771274318 0.08538177771274277 -0.051971000808477365 -0.35259085069728896 0.012265993061925804 0.012265993061925492 -0.015040365654623812 -0.10203950738807223 -0.37473216764096096 0.003549768484318733 -0.0048983275850290105 -0.03323209988901445 -0.12204230641088924 -0.49942195790692556 0.6793329632272889 0.08538177771274283 0.012265993061925634 0.0035497684843188884 0.001156084186148756
0.6796394331958419 0.6796394331958416 0.6796394331958417 0.6796394331958414 -0.3270767752081263 0.07708683161705075 0.07708683161705081 0.07708683161705097 -0.0824658132966852 -0.38894757053478224 0.019435890120048007 0.019435890120047827 -0.014350032989220933 -0.06768150637369455 -0.35407159310469694 0.0033820761991899657 -0.005778773655429533 -0.02725541511199936 -0.14258500979798291 -0.4993190171459809 0.6796394331958415 0.07708683161705103 0.01943589012004795 0.00338207619919008 0.001361965708038078
0.6980815477083294 0.6980815477083299 0.6980815477083296 0.6980815477083293 -0.34052005400652646 0.07363701849549663 0.07363701849549649 0.07363701849549646 -0.07151879667954233 -0.36521587223051977 0.015465846700958574 0.015465846700958713 -0.01887728750409963 -0.09639822454015247 -0.3974662597847899 0.0040821888541622145 -0.0047098682662303215 -0.024051280597596987 -0.099167516702338 -0.49949074855863695 0.6980815477083299 0.07363701849549655 0.01546584670095856 0.004082188854162329 0.0010185028827261336
0.6986717483934989 0.6986717483934989 0.698671748393499 0.6986717483934989 -0.3416579592760116 0.07367636930562019 0.07367636930562038 0.07367636930562012 -0.07175571120590246 -0.36993022952077653 0.015473663455100763 0.015473663455100825 -0.017776527357257023 -0.09164531623806983 -0.3924462900001842 0.003833395239262426 -0.004725436285914799 -0.02436156928078003 -0.10432183416759346 -0.49949049483631386 0.6986717483934991 0.07367636930562028 0.01547366345510078 0.003833395239262337 0.0010190103273723145
0.6783970798603078 0.6783970798603082 0.6783970798603076 0.6783970798603077 -0.32942804028141276 0.07808481409753013 0.07808481409752985 0.07808481409753013 -0.07852241648710424 -0.37947104980837765 0.018612284153609288 0.018612284153609517 -0.01707374621541381 -0.08251137306235218 -0.3923169999964868 0.004047015239018816 -0.004537910865101908 -0.02193011724492535 -0.10427117484275546 -0.49946218614846816 0.6783970798603078 0.07808481409752978 0.018612284153609375 0.0040470152390187355 0.0010756277030636843
0.6664521326104768 0.6664521326104765 0.6664521326104766 0.6664521326104766 -0.3501273595765962 0.08761637061919034 0.08761637061919028 0.0876163706191902 -0.06009805418461663 -0.37019991042539946 0.015039022929539523 0.015039022929539509 -0.014893292555385726 -0.09174166526267194 -0.39251073311739204 0.0037269188042051366 -0.00395931019728388 -0.02438908048300931 -0.10434709063799959 -0.4995046082801684 0.6664521326104769 0.08761637061919028 0.015039022929539623 0.003726918804205061 0.0009907834396633893
0.6986717483934989 0.6986717483934989 0.698671748393499 0.6986717483934989 -0.3416579592760116 0.07367636930562019 0.07367636930562038 0.07367636930562012 -0.07175571120590246 -0.36993022952077653 0.015473663455100763 0.015473663455100825 -0.017776527357257023 -0.09164531623806983 -0.3924462900001842 0.003833395239262426 -0.004725436285914799 -0.02436156928078003 -0.10432183416759346 -0.49949049483631386 0.6986717483934991 0.07367636930562028 0.01547366345510078 0.003833395239262337 0.0010190103273723145
0.7004919547101244 0.700491954710125 0.7004919547101247 0.7004919547101246 -0.34519678832232925 0.07379757512957291 0.0737975751295728 0.07379757512957287 -0.07249247855774187 -0.38518137678301606 0.015497737272394684 0.015497737272394474 -0.01496484658918383 -0.07951418308834768 -0.3890464460036242 0.0031992458441895033 -0.004162436105745585 -0.02211667888697377 -0.10821233375208383 -0.49955506872945044 0.7004919547101252 0.07379757512957298 0.015497737272394644 0.003199245844189682 0.0008898625410991464
0.7056144397945904 0.7056144397945904 0.7056144397945904 0.7056144397945904 -0.353595755631598 0.07376088040245149 0.0737608804024515 0.07376088040245156 -0.06676544566120751 -0.38162515711743805 0.01392742411072258 0.013927424110722635 -0.014189660859796513 -0.08110679860569547 -0.37957641464088043 0.002959995590900911 -0.004403067793080064 -0.02516753122355431 -0.11778299022306957 -0.49954075501230333 0.7056144397945902 0.07376088040245159 0.013927424110722711 0.0029599955909010026 0.0009184899753934858
0.6975415485255057 0.6975415485255061 0.6975415485255059 0.6975415485255057 -0.3394829976186508 0.07360099335925203 0.07360099335925195 0.07360099335925195 -0.07130287566768174 -0.3609959418988578 0.01545869017101045 0.015458690171010451 -0.019880152205855536 -0.1006502781752217 -0.40164360881026084 0.004310080212405086 -0.0046956797079271756 -0.023773533719998893 -0.09486797305070371 -0.499490980854086 0.6975415485255058 0.07360099335925198 0.015458690171010526 0.004310080212404865 0.0010180382918278685
0.7170256350627422 0.7170256350627421 0.717025635062742 0.7170256350627418 -0.33981785620884275 0.06705460540934728 0.06705460540934736 0.06705460540934743 -0.07840136630091021 -0.37996032432914617 0.015470560433499671 0.01547056043349989 -0.01747826067803838 -0.08470573804094206 -0.39510379909175175 0.0034489002022521412 -0.00451299212238959 -0.02187153147225368 -0.1020181793642531 -0.4995547366030755 0.7170256350627423 0.06705460540934734 0.015470560433499887 0.0034489002022521933 0.0008905267938491761
0.7058718202052251 0.7058718202052249 0.7058718202052251 0.7058718202052248 -0.33841646433618655 0.07050700695123842 0.07050700695123875 0.07050700695123854 -0.07783740253447292 -0.38228624131958094 0.016216948227768584 0.016216948227768594 -0.016205940745818298 -0.07959294597507742 -0.381253150594804 0.0033764089435129006 -0.004920578837132278 -0.02416665417285601 -0.11575916596454994 -0.49948741370052085 0.7058718202052251 0.07050700695123813 0.01621694822776851 0.003376408943513192 0.001025172598958292
0.672343489525216 0.6723434895252159 0.6723434895252162 0.6723434895252159 -0.34883604886516095 0.08500000690099886 0.08500000690099889 0.08500000690099875 -0.06205062302242341 -0.3701498404066871 0.01511972000105976 0.0151197200010598 -0.015376251937004785 -0.0917237720317268 -0.392498765216484 0.003746692823200754 -0.004087643505353763 -0.024383970981232843 -0.10434239989495855 -0.49950198706914867 0.6723434895252163 0.08500000690099847 0.015119720001059843 0.003746692823201021 0.0009960258617025667
0.7043157598175908 0.7043157598175906 0.704315759817591 0.7043157598175909 -0.3527790261807557 0.07405144415308974 0.0740514441530898 0.07405144415308973 -0.06411196641364529 -0.36457032419296503 0.01345766995227276 0.013457669952272813 -0.016723199965649808 -0.0950958576700758 -0.3847280454280327 0.003510347884691774 -0.0048775702757507255 -0.027736122851567038 -0.11221166298806046 -0.49948807738545603 0.7043157598175913 0.07405144415308985 0.013457669952272855 0.0035103478846919174 0.001023845229088188
0.7106944973972577 0.7106944973972581 0.7106944973972582 0.7106944973972579 -0.3439127760812233 0.06999903538022419 0.0699990353802242 0.06999903538022417 -0.0724252311826577 -0.37038468348637366 0.014741227056881441 0.014741227056881683 -0.017952132698787312 -0.09180771505963645 -0.39255491057352004 0.003653926400326872 -0.0047727429488391955 -0.02440794261338658 -0.10436440688734791 -0.49951428468819437 0.710694497397258 0.0699990353802242 0.014741227056881677 0.0036539264003269023 0.0009714306236113509
0.6986717483934989 0.6986717483934989 0.698671748393499 0.6986717483934989 -0.3416579592760116 0.07367636930562019 0.07367636930562038 0.07367636930562012 -0.07175571120590246 -0.36993022952077653 0.015473663455100763 0.015473663455100825 -0.017776527357257023 -0.09164531623806983 -0.3924462900001842 0.003833395239262426 -0.004725436285914799 -0.02436156928078003 -0.10432183416759346 -0.49949049483631386 0.6986717483934991 0.07367636930562028 0.01547366345510078 0.003833395239262337 0.0010190103273723145
0.7006199699701214 0.7006199699701217 0.7006199699701214 0.7006199699701214 -0.34499022207491875 0.07370842073571494 0.07370842073571486 0.07370842073571494 -0.06663962152706346 -0.3532386087196131 0.014237798484963734 0.0142377984849635 -0.020576800059393194 -0.10907205140608163 -0.40766988227399065 0.004396308472310971 -0.004485393744950818 -0.023775859011783734 -0.0888651264860729 -0.49952083962361354 0.700619969970122 0.07370842073571501 0.01423779848496386 0.004396308472311066 0.0009583207527731437
0.696446163872649 0.6964461638726486 0.696446163872649 0.6964461638726486 -0.3372094919127435 0.0734882609443063 0.07348826094430602 0.073488260944306 -0.07406827863958956 -0.36800019412533763 0.01614174309710778 0.016141743097107784 -0.018722275594141042 -0.09301959191784735 -0.3939992270151959 0.004080156423027145 -0.004874733367787526 -0.024219583046935802 -0.10258588327876898 -0.49946882325919434 0.696446163872649 0.07348826094430613 0.016141743097107815 0.004080156423027209 0.0010623534816112832
0.698424315192554 0.6984243151925538 0.6984243151925541 0.6984243151925542 -0.3411803428403778 0.0736598750192133 0.07365987501921366 0.07365987501921346 -0.07165627083386802 -0.36794059575245297 0.015470387039369985 0.01547038703937 -0.017751935408706468 -0.09115263205898574 -0.38408333494456226 0.0038325928530011017 -0.005202841793991131 -0.026715550321133104 -0.1125694061755676 -0.4994383605557407 0.6984243151925538 0.07365987501921324 0.015470387039370093 0.003832592853000989 0.0011232788885186156
0.6986717483934989 0.6986717483934989 0.698671748393499 0.6986717483934989 -0.3416579592760116 0.07367636930562019 0.07367636930562038 0.07367636930562012 -0.07175571120590246 -0.36993022952077653 0.015473663455100763 0.015473663455100825 -0.017776527357257023 -0.09164531623806983 -0.3924462900001842 0.003833395239262426 -0.004725436285914799 -0.02436156928078003 -0.10432183416759346 -0.49949049483631386 0.6986717483934991 0.07367636930562028 0.01547366345510078 0.003833395239262337 0.0010190103273723145
0.7010294491874357 0.7010294491874351 0.7010294491874354 0.7010294491874355 -0.34411320137574736 0.0733775973865501 0.07337759738655011 0.07337759738655024 -0.07228725693159553 -0.3794618272300954 0.015414303241196508 0.015414303241196551 -0.015147357524375358 -0.0795139310562869 -0.36909380656858726 0.0032299740243910678 -0.005248925483692687 -0.027553498909517086 -0.12789992472637207 -0.4994403679671187 0.7010294491874358 0.07337759738655059 0.0154143032411967 0.0032299740243911497 0.001119264065762625
