199.06222830816
397.719151065942
597.015474144343
794.084750709256
992.958963827266
199.06222830816
397.719151065942
597.015474144343
794.084750709256
992.958963827266
199.06222830816
397.719151065942
597.015474144343
794.084750709256
992.958963827266
199.06222830816
397.719151065942
597.015474144343
794.084750709256
992.958963827266
199.06222830816
397.719151065942
597.015474144343
794.084750709256
992.958963827266
199.06222830816
397.719151065942
597.015474144343
794.084750709256
992.958963827266
199.06222830816
397.719151065942
597.015474144343
794.084750709256
992.958963827266
199.06222830816
397.719151065942
597.015474144343
794.084750709256
992.958963827266
199.06222830816
397.719151065942
597.015474144343
794.084750709256
992.958963827266
199.06222830816
397.719151065942
597.015474144343
794.084750709256
992.958963827266
199.06222830816
397.719151065942
597.015474144343
794.084750709256
992.958963827266
199.06222830816
397.719151065942
597.015474144343
794.084750709256
992.958963827266
192.252218921344
397.719151065942
711.648296640358
653.828844091034
929.969849912953
212.503996551771
353.369619751519
597.015474144343
668.97315711598
992.958963827266
199.06222830816
397.719151065942
597.015474144343
794.084750709256
992.958963827266
199.06222830816
390.208353514146
597.015474144343
706.966196919856
831.882807739261
199.06222830816
383.990055261338
597.015474144343
705.922841499476
992.958963827266
199.06222830816
397.719151065942
597.015474144343
794.084750709256
992.958963827266
199.06222830816
397.719151065942
597.015474144343
794.084750709256
992.958963827266
199.06222830816
395.416973675862
597.015474144343
911.150230813215
992.958963827266
199.06222830816
397.719151065942
597.015474144343
794.084750709256
992.958963827266
182.480018366872
397.719151065942
587.345447613699
611.186602893666
1106.98168080627
207.910664858369
462.579899789813
597.015474144343
794.084750709256
992.958963827266
199.06222830816
397.719151065942
597.015474144343
926.234196030313
992.958963827266
199.06222830816
340.521161882236
597.015474144343
669.895891681276
1203.49025777622
199.06222830816
397.719151065942
597.015474144343
794.084750709256
992.958963827266
199.06222830816
397.719151065942
597.015474144343
794.084750709256
992.958963827266
174.087193506584
358.948322598396
597.015474144343
900.583811553577
985.432753235368
199.06222830816
397.719151065942
597.015474144343
669.895891681276
1203.49025777622
199.06222830816
394.218725118165
667.811784635723
794.084750709256
1167.03254179384
199.06222830816
397.719151065942
597.015474144343
794.084750709256
992.958963827266
168.631229279894
374.348065249004
597.015474144343
900.583811553577
985.432753235368
199.06222830816
397.719151065942
597.015474144343
794.084750709256
992.958963827266
199.06222830816
397.719151065942
563.012954756583
790.494686776797
992.958963827266
199.06222830816
397.719151065942
597.015474144343
705.922841499476
992.958963827266
199.06222830816
397.719151065942
597.015474144343
794.084750709256
992.958963827266
199.06222830816
397.719151065942
597.015474144343
794.084750709256
992.958963827266
199.06222830816
394.218725118165
667.811784635723
808.612961117743
1140.10006403623
199.06222830816
397.719151065942
597.015474144343
794.084750709256
992.958963827266
199.06222830816
397.719151065942
597.015474144343
926.234196030313
992.958963827266
199.06222830816
397.719151065942
597.015474144343
794.084750709256
992.958963827266
199.06222830816
397.719151065942
597.015474144343
794.084750709256
992.958963827266
213.690414792493
397.719151065942
597.015474144343
794.084750709256
1136.28694956529
199.06222830816
397.719151065942
597.015474144343
640.008206445223
816.532452092222
199.06222830816
397.719151065942
597.015474144343
794.084750709256
992.958963827266
207.910664858369
462.579899789813
597.015474144343
790.494686776797
992.958963827266
199.06222830816
340.521161882236
597.015474144343
794.084750709256
992.958963827266
199.06222830816
397.719151065942
597.015474144343
794.084750709256
992.958963827266
199.06222830816
397.719151065942
597.015474144343
794.084750709256
992.958963827266
174.087193506584
358.948322598396
597.015474144343
794.084750709256
992.958963827266
199.06222830816
397.719151065942
597.015474144343
794.084750709256
992.958963827266
199.06222830816
397.719151065942
597.015474144343
794.084750709256
992.958963827266
231.915210460301
397.719151065942
597.015474144343
669.895891681276
1110.44945918562
199.06222830816
322.995474227573
597.015474144343
794.084750709256
992.958963827266
204.190924894708
448.417435946053
507.795597260223
794.084750709256
1167.03254179384
199.06222830816
397.719151065942
597.015474144343
794.084750709256
810.809905953918
199.06222830816
397.719151065942
597.015474144343
794.084750709256
992.958963827266
202.807310553204
397.719151065942
690.33248805984
794.084750709256
900.784818029296
199.06222830816
397.719151065942
597.015474144343
794.084750709256
992.958963827266
199.06222830816
397.719151065942
597.015474144343
794.084750709256
992.958963827266
199.06222830816
397.719151065942
597.015474144343
794.084750709256
992.958963827266
199.06222830816
340.521161882236
597.015474144343
794.084750709256
992.958963827266
199.06222830816
397.719151065942
597.015474144343
794.084750709256
992.958963827266
199.06222830816
340.521161882236
689.367251515411
642.619160222576
1119.73143670477
199.06222830816
397.719151065942
597.015474144343
794.084750709256
992.958963827266
199.06222830816
397.719151065942
597.015474144343
794.084750709256
992.958963827266
199.06222830816
372.147846252035
597.015474144343
794.084750709256
992.958963827266
199.06222830816
397.719151065942
609.045630322704
794.084750709256
992.958963827266
199.06222830816
397.719151065942
597.015474144343
794.084750709256
992.958963827266
199.06222830816
340.521161882236
597.015474144343
794.084750709256
992.958963827266
220.099171280541
397.719151065942
573.325748861039
680.541268101512
1106.98168080627
199.06222830816
340.521161882236
597.015474144343
669.895891681276
1110.44945918562
220.099171280541
397.719151065942
573.325748861039
794.084750709256
992.958963827266
199.06222830816
397.719151065942
597.015474144343
794.084750709256
992.958963827266
199.06222830816
397.719151065942
597.015474144343
680.541268101512
1106.98168080627
199.06222830816
397.719151065942
597.015474144343
794.084750709256
992.958963827266
199.06222830816
397.719151065942
597.015474144343
794.084750709256
992.958963827266
207.910664858369
462.579899789813
597.015474144343
837.761626963118
1017.59600761481
199.06222830816
397.719151065942
642.991789038085
643.966395488608
992.958963827266
187.476077724225
321.357035845904
695.410361590878
794.084750709256
810.809905953918
211.039977135908
397.719151065942
497.668568594023
938.310172257796
775.116778726419
199.06222830816
397.719151065942
597.015474144343
745.502121392294
992.958963827266
199.06222830816
397.719151065942
597.015474144343
794.084750709256
992.958963827266
213.807116236513
397.719151065942
525.506553168343
794.084750709256
992.958963827266
199.06222830816
329.408045190938
597.015474144343
794.084750709256
992.958963827266
199.06222830816
397.719151065942
597.015474144343
794.084750709256
992.958963827266
199.06222830816
397.719151065942
597.015474144343
952.342683835114
1138.66449130626
178.404347191746
358.139529961235
597.015474144343
926.234196030313
992.958963827266
199.06222830816
397.719151065942
597.015474144343
705.922841499476
992.958963827266
196.023844735266
434.213763399171
597.015474144343
882.099703375666
1135.85102858906
199.06222830816
416.873502383385
573.512786036695
906.59514770252
992.958963827266
199.06222830816
340.521161882236
597.015474144343
794.084750709256
992.958963827266
199.06222830816
397.719151065942
688.334343988947
870.991948342954
992.958963827266
187.886654344418
397.719151065942
597.015474144343
794.084750709256
992.958963827266
199.06222830816
397.719151065942
597.015474144343
794.084750709256
992.958963827266
186.911482066757
373.903229917224
609.488701158018
651.574987837597
992.958963827266
207.910664858369
415.606480140003
597.015474144343
777.950640416944
992.958963827266
199.06222830816
397.719151065942
597.015474144343
794.084750709256
900.693353088822
199.06222830816
397.719151065942
597.015474144343
794.084750709256
992.958963827266
197.917542212036
397.719151065942
597.015474144343
938.310172257796
900.693353088822
