164.27233995348
372.874825671132
363.719409546058
243.198994985064
763.408556422689
185.532962247189
372.874825671132
363.719409546058
259.867338383694
204.840704629561
164.27233995348
372.874825671132
352.504620647661
256.20486217586
238.692600276373
164.27233995348
441.530111208831
397.673145928744
255.970009556816
678.415203993641
164.27233995348
372.874825671132
363.719409546058
246.760411010333
204.649365613402
164.27233995348
372.874825671132
363.719409546058
259.867338383694
233.862782371961
164.27233995348
372.874825671132
363.719409546058
246.760411010333
204.649365613402
164.27233995348
372.874825671132
328.686793280185
731.777021737744
883.406211776153
159.448299130765
372.874825671132
371.449910408078
908.272729340598
847.296500477851
197.195201672072
410.475258299965
426.764245722146
256.20486217586
238.692600276373
164.27233995348
332.164160751335
419.305372117103
220.833563247316
217.375259708617
185.532962247189
319.558418840218
363.719409546058
259.867338383694
218.307674447889
164.27233995348
372.874825671132
363.719409546058
207.513574071598
582.929582903465
164.27233995348
432.385553276863
363.719409546058
246.760411010333
204.649365613402
187.481390173883
372.874825671132
352.504620647661
259.867338383694
224.729551798387
164.27233995348
372.874825671132
352.504620647661
775.84651349969
707.498198359407
185.532962247189
372.874825671132
363.719409546058
279.677196537246
238.285190932857
144.44741521324
416.906778294824
432.682250498417
243.198994985064
763.408556422689
124.049943285906
291.633824113209
383.394810786856
246.760411010333
204.649365613402
144.44741521324
416.906778294824
432.682250498417
243.198994985064
763.408556422689
169.480780850199
449.307207279097
432.682250498417
259.867338383694
266.341315882653
164.27233995348
372.874825671132
363.719409546058
243.198994985064
887.479818912941
164.27233995348
372.874825671132
363.719409546058
246.760411010333
204.649365613402
183.948662058872
411.223216913941
381.676732521832
246.760411010333
219.860874041445
164.27233995348
372.874825671132
363.719409546058
243.198994985064
887.479818912941
164.27233995348
372.874825671132
363.719409546058
243.198994985064
763.408556422689
139.607519393373
372.874825671132
344.667254769562
236.61493597405
763.408556422689
164.27233995348
372.874825671132
363.719409546058
637.607814657497
730.675629742114
164.27233995348
372.874825671132
363.719409546058
246.760411010333
204.649365613402
164.27233995348
372.874825671132
363.719409546058
258.971652368347
274.713214009503
185.532962247189
313.490753537675
421.645220529564
243.198994985064
796.138154263206
185.532962247189
336.01379785883
421.645220529564
243.198994985064
796.138154263206
185.532962247189
379.66056322694
421.645220529564
243.198994985064
763.408556422689
164.27233995348
372.874825671132
363.719409546058
220.833563247316
252.266050014542
185.532962247189
372.874825671132
371.449910408078
775.84651349969
749.367512027681
164.27233995348
332.164160751335
419.305372117103
243.198994985064
678.415203993641
172.526678461772
372.874825671132
381.10198598818
203.219365056735
222.730280563665
164.27233995348
372.874825671132
328.686793280185
278.768503787858
207.298266390071
164.27233995348
372.874825671132
363.719409546058
246.760411010333
219.860874041445
144.44741521324
416.906778294824
432.682250498417
256.20486217586
238.692600276373
164.27233995348
372.874825671132
363.719409546058
246.760411010333
195.595510787497
175.370219821466
410.475258299965
426.764245722146
259.867338383694
224.729551798387
164.27233995348
372.874825671132
369.978571864153
246.760411010333
204.649365613402
169.480780850199
449.307207279097
432.682250498417
246.760411010333
204.649365613402
185.532962247189
372.874825671132
363.719409546058
637.607814657497
730.675629742114
159.448299130765
372.874825671132
371.449910408078
246.760411010333
204.649365613402
164.27233995348
372.874825671132
363.719409546058
848.165230738284
732.368221632695
185.532962247189
332.869994307916
421.645220529564
244.543796095121
760.135105458692
164.27233995348
372.874825671132
363.719409546058
246.760411010333
204.649365613402
164.27233995348
372.874825671132
363.719409546058
243.198994985064
763.408556422689
183.196282184331
410.475258299965
426.764245722146
259.867338383694
204.840704629561
164.27233995348
303.677688415974
320.584970747387
226.470800375453
226.383013932747
185.532962247189
372.874825671132
371.449910408078
848.165230738284
732.368221632695
185.532962247189
372.874825671132
363.719409546058
775.84651349969
707.498198359407
164.614498466152
372.874825671132
426.764245722146
259.867338383694
218.307674447889
164.27233995348
372.874825671132
363.719409546058
775.84651349969
707.498198359407
166.240801220733
372.874825671132
363.719409546058
246.760411010333
204.649365613402
187.481390173883
392.384716137167
352.504620647661
259.867338383694
204.840704629561
187.481390173883
392.384716137167
352.504620647661
207.513574071598
582.929582903465
164.27233995348
372.874825671132
363.719409546058
243.198994985064
763.408556422689
161.600656618312
476.176031430952
363.719409546058
260.658856495602
231.613143395788
144.44741521324
416.906778294824
432.682250498417
259.867338383694
225.642256024354
140.970090781016
372.874825671132
363.719409546058
775.84651349969
707.498198359407
185.532962247189
372.874825671132
363.719409546058
244.543796095121
763.408556422689
144.44741521324
416.906778294824
432.682250498417
259.867338383694
204.840704629561
139.607519393373
372.874825671132
344.667254769562
243.198994985064
678.415203993641
185.532962247189
374.049361199501
391.06861428995
279.677196537246
238.285190932857
175.370219821466
410.475258299965
426.764245722146
246.760411010333
204.649365613402
146.299396048623
348.747864142067
336.388677812479
243.198994985064
887.479818912941
164.27233995348
372.874825671132
352.504620647661
243.198994985064
678.415203993641
187.481390173883
392.384716137167
352.504620647661
259.867338383694
204.840704629561
164.27233995348
372.874825671132
363.719409546058
246.760411010333
195.595510787497
185.532962247189
328.08614876468
363.719409546058
279.677196537246
238.285190932857
185.532962247189
372.874825671132
363.719409546058
259.867338383694
204.840704629561
164.27233995348
372.874825671132
363.719409546058
259.867338383694
224.729551798387
185.532962247189
374.049361199501
363.719409546058
279.677196537246
238.285190932857
164.27233995348
441.530111208831
363.719409546058
246.760411010333
204.649365613402
164.27233995348
372.874825671132
363.719409546058
246.760411010333
204.649365613402
164.27233995348
372.874825671132
363.719409546058
243.198994985064
763.408556422689
185.532962247189
372.874825671132
363.719409546058
259.867338383694
218.307674447889
166.240801220733
372.874825671132
363.719409546058
243.198994985064
887.479818912941
190.581440937477
372.874825671132
363.719409546058
267.917237846028
233.862782371961
164.27233995348
372.874825671132
363.719409546058
731.777021737744
883.406211776153
164.27233995348
441.530111208831
363.719409546058
243.198994985064
678.415203993641
164.614498466152
372.874825671132
426.764245722146
259.867338383694
233.862782371961
164.27233995348
372.874825671132
363.719409546058
260.539952442088
274.713214009503
187.481390173883
372.874825671132
352.504620647661
207.513574071598
600.662436847818
164.27233995348
372.874825671132
363.719409546058
259.867338383694
224.729551798387
208.212859975698
411.964073050035
352.504620647661
242.503655342837
526.916657293806
164.27233995348
372.874825671132
363.719409546058
220.833563247316
252.266050014542
185.532962247189
332.869994307916
421.645220529564
243.198994985064
763.408556422689
164.614498466152
372.874825671132
426.764245722146
243.198994985064
763.408556422689
187.481390173883
392.384716137167
352.504620647661
255.970009556816
678.415203993641
146.299396048623
348.747864142067
336.388677812479
246.760411010333
204.649365613402
154.322280780901
332.049492533429
310.269820020327
246.760411010333
208.704397592331
169.480780850199
422.606964925307
432.682250498417
259.867338383694
266.341315882653
164.27233995348
432.385553276863
363.719409546058
246.760411010333
204.649365613402
197.195201672072
410.475258299965
426.764245722146
259.867338383694
224.729551798387
183.203669894933
372.874825671132
295.177371204412
861.291713095121
756.715161813525
164.27233995348
372.874825671132
363.719409546058
259.867338383694
233.862782371961
