0.015909997268445365
0.021836912991705162
0.01230009254433818
0.018110620313071753
0.016601503028487893
0.01300721394902255
0.016601503028487893
0.004401898053676836
0.00682436780358797
0.021243793481347317
0.02374337869722386
0.029382756030829012
0.02047850417387666
0.01751638651285305
0.02000181842206629
0.00527545073492937
0.016956455269167427
0.02890284689747379
0.016687812893695815
0.02890284689747379
0.017810438841032828
0.01727392933395764
0.016601503028487893
0.018294817952105875
0.01727392933395764
0.015909997268445365
0.018344898680223203
0.002249443834483561
0.016601503028487893
0.010686150415995167
0.031942288391035495
0.027308435661047854
0.022034739341057586
0.015685276679291288
0.004751879463588991
0.01922109545149937
0.023008337186023842
0.014182838352659065
0.014986680872056807
0.02416177252177753
0.01778768238835146
0.018477529934596806
0.01697011387455595
0.023516388613841806
0.00333541160008544
0.016587064567890844
0.006344386260546039
0.02718595248086655
0.016601503028487893
0.015909997268445365
0.02164924487083644
0.02134678490229319
0.006482105602944696
0.005686006076571694
0.01851124626912652
0.004960712481713084
0.01691150084562212
0.020440362066628984
0.024406512406885038
0.015909997268445365
0.017763332165138774
0.02495150958859174
0.011586763945640463
0.020065324807750577
0.027107662689259196
0.016352057808652346
0.017448912109185206
0.021689268643965552
0.015369263459313387
0.014316681578612461
0.020440362066628984
0.01778768238835146
0.02392580905314632
0.021836912991705162
0.013815179449602285
0.016837554125319093
0.017936193215168185
0.016601503028487893
0.015909997268445365
0.02009161525160163
0.017422709196280597
0.020039640939725687
0.0032310137887923947
0.01739203111657902
0.01698737285820017
0.010565143153983655
0.026580135180109637
0.013815179449602285
0.022257698136815184
0.015685276679291288
0.02751344151303974
0.019982793432093856
0.0160807202229909
0.01352608093742298
0.013363541165587953
0.016406939564412363
0.01751638651285305
0.02224161291580391
0.011641657854274458
0.01300721394902255
