135.892445238209
227.950193596679
311.93832563515
545.918823966203
627.027791340997
114.860197321359
228.862699927656
368.18474177524
464.398464551752
590.485874022299
120.969471463791
244.208653888146
364.304579025959
494.352189051507
674.490090780608
120.969471463791
244.208653888146
364.304579025959
477.485300899078
625.752858805356
106.816776487495
228.862699927656
417.329442409811
561.525919172515
651.846542188048
131.190975329312
255.564746066719
368.18474177524
494.352189051507
625.752858805356
135.892445238209
227.950193596679
311.93832563515
464.398464551752
590.485874022299
114.860197321359
254.184152985267
383.923611405851
464.398464551752
590.485874022299
114.860197321359
228.862699927656
368.18474177524
532.979213593715
708.058487392201
135.892445238209
227.950193596679
311.93832563515
582.517071973139
625.752858805356
120.969471463791
244.208653888146
364.304579025959
582.517071973139
625.752858805356
114.860197321359
244.025181211469
368.18474177524
494.352189051507
625.752858805356
114.860197321359
228.862699927656
368.18474177524
494.352189051507
625.752858805356
106.878771523334
207.863374504977
321.155547485442
494.352189051507
602.284173472013
120.969471463791
212.829156217554
404.221795757282
436.311312629223
728.644844067383
102.460262323903
228.862699927656
368.18474177524
483.697927258617
590.485874022299
142.775425446706
244.208653888146
380.433030644884
483.697927258617
590.485874022299
135.892445238209
227.950193596679
311.93832563515
494.352189051507
625.752858805356
103.614637471965
244.208653888146
330.837745965488
464.398464551752
590.485874022299
114.860197321359
228.862699927656
311.93832563515
494.352189051507
625.752858805356
120.969471463791
244.208653888146
364.304579025959
494.352189051507
625.752858805356
114.860197321359
244.025181211469
413.644307346187
494.352189051507
625.752858805356
93.0641966797306
244.025181211469
343.859122259024
494.352189051507
625.752858805356
103.614637471965
244.208653888146
330.837745965488
444.761263701931
590.485874022299
114.860197321359
228.862699927656
368.18474177524
483.697927258617
590.485874022299
106.578825082308
244.208653888146
351.185787348563
464.398464551752
590.485874022299
114.860197321359
228.862699927656
368.18474177524
545.918823966203
627.027791340997
120.969471463791
244.208653888146
364.304579025959
464.398464551752
590.485874022299
114.860197321359
228.862699927656
368.18474177524
499.77134817441
624.938494478732
114.860197321359
244.025181211469
368.18474177524
499.77134817441
661.712964771966
118.680968665444
196.161176343829
311.93832563515
545.918823966203
624.160012543468
120.969471463791
219.33072412027
364.304579025959
477.485300899078
625.752858805356
135.892445238209
222.071980439351
363.165476811725
494.352189051507
674.490090780608
114.860197321359
244.025181211469
413.644307346187
494.352189051507
625.752858805356
114.860197321359
254.184152985267
383.923611405851
494.352189051507
625.752858805356
126.265924934608
227.950193596679
302.498469685189
433.182704396896
618.508108792542
94.4011731934031
188.092630508394
398.014702735506
499.77134817441
713.880406481135
133.552411227929
320.617045629569
364.304579025959
494.352189051507
726.045175865619
101.743387289242
244.208653888146
364.304579025959
532.995499053745
744.261516387236
135.892445238209
227.950193596679
311.93832563515
494.352189051507
625.752858805356
120.969471463791
244.208653888146
364.304579025959
494.352189051507
625.752858805356
142.775425446706
244.208653888146
380.433030644884
514.045095235639
596.242661788212
94.4011731934031
196.353247307802
368.18474177524
452.293914696038
624.938494478732
120.969471463791
219.33072412027
364.304579025959
521.470819311701
642.824197468583
120.969471463791
244.208653888146
364.304579025959
464.398464551752
590.485874022299
106.694517570134
219.33072412027
341.240620095749
545.918823966203
627.027791340997
114.860197321359
302.933893388145
383.923611405851
477.121999409287
661.712964771966
114.860197321359
228.862699927656
368.18474177524
494.352189051507
625.752858805356
114.860197321359
228.862699927656
311.93832563515
545.918823966203
624.160012543468
142.775425446706
244.208653888146
360.588624618216
443.310536822273
706.71123000714
94.4011731934031
196.353247307802
368.18474177524
499.77134817441
624.938494478732
120.969471463791
219.33072412027
364.304579025959
582.517071973139
625.752858805356
114.640356947357
228.862699927656
368.18474177524
499.77134817441
725.561575745218
94.4011731934031
196.353247307802
368.18474177524
494.352189051507
625.752858805356
93.0641966797306
244.025181211469
343.859122259024
494.352189051507
625.752858805356
114.860197321359
228.862699927656
368.18474177524
464.398464551752
590.485874022299
94.4011731934031
196.353247307802
368.18474177524
494.352189051507
726.045175865619
114.860197321359
254.184152985267
383.923611405851
499.77134817441
624.938494478732
114.860197321359
282.855031000504
404.389586764689
494.352189051507
625.752858805356
120.969471463791
219.33072412027
364.304579025959
514.692222259897
642.092952638052
120.969471463791
244.208653888146
364.304579025959
499.77134817441
624.938494478732
114.860197321359
244.025181211469
368.18474177524
499.77134817441
624.938494478732
133.552411227929
279.902431558947
364.304579025959
494.352189051507
726.045175865619
114.860197321359
254.184152985267
383.923611405851
499.77134817441
624.938494478732
142.775425446706
244.208653888146
380.433030644884
514.045095235639
504.184104137467
114.860197321359
244.025181211469
357.481949779697
494.352189051507
566.708673998666
135.892445238209
227.950193596679
311.93832563515
499.77134817441
624.938494478732
114.860197321359
228.862699927656
368.18474177524
494.352189051507
625.752858805356
114.860197321359
254.184152985267
383.923611405851
499.77134817441
661.712964771966
120.969471463791
244.208653888146
364.304579025959
464.398464551752
590.485874022299
143.338558544809
244.208653888146
364.304579025959
474.416572844619
625.752858805356
114.860197321359
232.953309500487
434.056256045685
532.979213593715
708.058487392201
122.078878354649
237.576831842323
368.18474177524
482.481609510888
545.601316598862
114.860197321359
244.025181211469
413.644307346187
494.352189051507
625.752858805356
120.969471463791
244.208653888146
364.304579025959
494.352189051507
625.752858805356
135.892445238209
227.950193596679
311.93832563515
494.352189051507
625.752858805356
94.4011731934031
196.353247307802
368.18474177524
477.485300899078
625.752858805356
120.969471463791
219.33072412027
364.304579025959
545.918823966203
627.027791340997
114.860197321359
228.862699927656
368.18474177524
582.517071973139
625.752858805356
114.860197321359
228.862699927656
368.18474177524
494.352189051507
625.752858805356
114.860197321359
228.862699927656
368.18474177524
474.416572844619
625.752858805356
114.860197321359
228.862699927656
368.18474177524
499.77134817441
624.938494478732
120.969471463791
244.208653888146
364.304579025959
464.398464551752
590.485874022299
93.5371653294177
228.862699927656
368.18474177524
545.918823966203
627.027791340997
110.181025601303
219.33072412027
364.304579025959
606.224001777991
605.202002620555
120.969471463791
244.208653888146
427.485794476425
582.517071973139
625.752858805356
94.4011731934031
196.353247307802
368.18474177524
514.045095235639
596.242661788212
120.969471463791
244.208653888146
364.304579025959
513.250236393617
642.092952638052
117.676040208363
215.636073731911
330.837745965488
444.761263701931
579.11457061422
114.860197321359
228.862699927656
368.18474177524
499.77134817441
624.938494478732
120.969471463791
244.208653888146
364.304579025959
494.352189051507
625.752858805356
114.860197321359
228.862699927656
368.18474177524
494.352189051507
625.752858805356
142.775425446706
244.208653888146
380.433030644884
532.995499053745
744.261516387236
114.860197321359
228.862699927656
368.18474177524
499.77134817441
624.938494478732
114.860197321359
228.862699927656
368.18474177524
494.352189051507
625.752858805356
94.4011731934031
196.353247307802
368.18474177524
499.77134817441
661.712964771966
123.686598044748
219.33072412027
379.11847532492
521.470819311701
642.824197468583
114.860197321359
244.025181211469
357.481949779697
494.352189051507
625.752858805356
142.775425446706
244.208653888146
380.433030644884
464.398464551752
590.485874022299
114.860197321359
228.862699927656
368.18474177524
494.352189051507
625.752858805356
