0.0058940721803712025
4.988006970467384e-05
6.993943835946927e-05
2.7159791104199163e-05
0.0017576432276847594
0.00018441874923888312
0.0059183399366427225
0.0014418663920935414
0.00011281554324721992
0.006066497249149365
0.00037364415194939834
0.0005637859670148079
3.9405280818236936e-05
0.00015596418120780343
0.002394793246988442
0.0021795840644719807
0.0037116206999265786
0.005839257809182091
0.0030716365303226265
0.00023273436004020464
1.564001558396055e-05
0.001031169411972264
0.009178668878530236
0.0030162976071306594
3.990156090418113e-05
0.002314741902366622
0.00016271554200058543
1.970270011859035e-05
4.09780197481691e-05
0.0006037857282350233
0.005109945294869971
0.0010531930304387828
0.005632358862756262
0.001031169411972264
0.0014760423961462802
0.002608647452673814
0.0010271671144495668
0.002814132528259562
0.0049284452670878606
0.005839257809182091
1.564001558396055e-05
0.003628829379472234
0.0011694995478022392
0.0009905030197856514
1.970270011859035e-05
0.0004759198085757687
0.007903198362612251
3.9405280818236936e-05
0.0004742759612701217
0.004591381763591094
0.0011365991658368766
0.0012350444091317858
0.00020156588850072475
0.0011286853568051286
0.009178668878530236
4.988006970467384e-05
0.0013230399591899551
0.001482463262325066
0.005246551873186983
0.0009901561566054988
1.8221787049537966e-05
0.0005708767497797548
0.00034439807065166734
0.001482463262325066
0.0041692645494346295
0.0005367141281290276
0.0058346051414948676
3.9405280818236936e-05
0.0015212905388607518
1.970270011859035e-05
0.004249618131415497
0.0006310702712569417
0.00016509856669308465
0.001031169411972264
1.564001558396055e-05
0.005839257809182091
0.0011222589103353085
0.001059330326308981
0.00038379008727821564
3.9405280818236936e-05
6.0395047848904384e-05
4.09780197481691e-05
1.970270011859035e-05
0.006639902665239049
0.000763814875479971
0.0005002415383005821
0.0012010244696932491
3.3630924382776956e-05
0.0010748953003352681
4.09780197481691e-05
1.564001558396055e-05
3.9405280818236936e-05
0.0035303835270737148
4.09780197481691e-05
3.9405280818236936e-05
0.0011690331054395272
0.0014713155758848747
0.0004966650788383915
0.0038159630714388127
3.9405280818236936e-05
