281.21442078513
11.6209688270156
201.675820212034
0.409952833294513
457.350195102835
15.4510522369347
666.183463277131
2299.55306067566
696.857226545788
438.85426244358
281.21442078513
9.76225830585712
201.675820212034
0.381458465698387
452.255032402645
12.4208127564993
666.183463277131
2252.27248451772
855.767372541763
438.85426244358
254.821580020112
10.0635135025296
182.26318967361
0.382848727488562
473.087472447858
12.4208127564993
779.271815976344
1950.24655682209
855.767372541763
364.516906568961
261.047706223448
10.5415804896573
224.855978949223
0.36079637349182
382.09317871605
9.80285024868571
744.085455597344
2383.67712487303
827.730667540281
564.580142230129
261.047706223448
10.5415804896573
224.855978949223
0.36079637349182
415.567897053564
10.9182174226438
744.085455597344
2383.67712487303
763.995154165
504.763005283797
312.533462524951
12.631350861352
149.194219381938
0.519487369957322
450.509526835645
12.8534685114297
779.271815976344
2326.44127201597
1010.93479583285
256.87938090959
289.086257801823
8.41493371840239
195.799741567255
0.399138789420767
461.321739105719
12.4109788779774
605.2535324204
2172.89658431878
668.319538269438
711.870386968698
267.212090954094
8.42829461153886
248.962320639015
0.427232135489039
461.321739105719
11.940026128676
648.044596237405
2311.20132344115
808.648988269088
674.579307746903
310.523229940269
8.42829461153886
248.962320639015
0.361902198672509
354.567577251299
13.6368702302106
566.478781907204
2099.27282240491
708.574146994469
819.238741796662
261.047706223448
10.5415804896573
224.855978949223
0.409952833294513
404.138845750894
15.4510522369347
666.183463277131
2252.27248451772
763.995154165
438.85426244358
285.881102616283
9.2707096472299
228.095096501757
0.474488927950461
461.321739105719
13.3097469033894
463.956851721302
2889.58593663791
733.781981150595
751.253201561765
337.945970459118
10.064564482397
259.255926004681
0.289598253394093
475.470698861993
10.2861326267344
863.253588573601
2775.42002679001
713.858727059767
589.785059646907
282.802030722598
7.55092262126874
215.632804906292
0.416674664913516
545.86479861613
13.8717736152867
633.475171165576
2443.27721479154
961.202517674805
697.681489980268
289.086257801823
8.41493371840239
195.799741567255
0.381458465698387
452.255032402645
12.4208127564993
666.183463277131
2252.27248451772
855.767372541763
438.85426244358
254.821580020112
10.0635135025296
182.26318967361
0.381458465698387
452.255032402645
12.4208127564993
666.183463277131
2252.27248451772
855.767372541763
438.85426244358
282.802030722598
8.67121975436762
205.690843132419
0.381458465698387
452.255032402645
12.4208127564993
666.183463277131
2252.27248451772
855.767372541763
438.85426244358
269.400937784454
7.94217750205271
231.397752269349
0.427232135489039
461.321739105719
11.940026128676
648.044596237405
2311.20132344115
808.648988269088
674.579307746903
310.100323708225
13.3570140646385
190.196447014714
0.279984083695944
472.379766043166
15.4630304145111
741.806049291636
1897.31934595412
855.767372541763
369.234564033566
333.291576668349
8.67121975436762
223.493937900719
0.361902198672509
354.567577251299
13.6368702302106
566.478781907204
2099.27282240491
708.574146994469
819.238741796662
270.247177833933
7.08085453246392
215.632804906292
0.36079637349182
306.78164721679
10.9182174226438
880.678724129077
2555.45456063864
767.686119116056
515.986729016973
263.875774097693
11.6209688270156
235.468050855486
0.333833761995801
397.74436694516
8.07042911589711
802.649709473762
1981.76711151253
683.043836249409
587.274653023157
188.466564914604
12.1431125458082
212.653525179545
0.381458465698387
393.382819244781
11.8897554327846
656.194964220389
2259.97147041833
1003.58402886904
438.85426244358
256.497738915473
8.67121975436762
215.632804906292
0.340742588839445
452.255032402645
12.4208127564993
746.151212609627
2266.1763656428
763.791465902681
494.317451523405
281.21442078513
11.6209688270156
201.675820212034
0.382848727488562
473.087472447858
12.4208127564993
779.271815976344
1950.24655682209
855.767372541763
348.276355236841
282.802030722598
8.67121975436762
215.632804906292
0.427232135489039
461.321739105719
11.940026128676
648.044596237405
2311.20132344115
808.648988269088
674.579307746903
285.881102616283
9.2707096472299
228.095096501757
0.431583699706864
459.605407767818
10.8449068832115
589.590276021259
2503.04271439457
808.468593013569
383.505471443738
254.821580020112
10.0635135025296
182.26318967361
0.36079637349182
415.567897053564
10.9182174226438
744.085455597344
2383.67712487303
763.995154165
504.763005283797
261.047706223448
10.5415804896573
224.855978949223
0.381458465698387
452.255032402645
10.52729131916
548.960375541199
2239.55138239838
697.884962966187
403.956424998872
282.802030722598
8.67121975436762
208.891826346663
0.261125838536252
475.470698861993
8.79081123319088
781.353152182336
2383.67712487303
763.995154165
646.756657563966
269.400937784454
7.94217750205271
231.397752269349
0.487653957917635
370.370695851004
16.499058238815
680.688800207937
2501.44462242439
667.195482146808
438.85426244358
188.466564914604
12.1431125458082
212.653525179545
0.433413343378672
470.759939661122
13.5134431496901
518.946786384139
2311.20132344115
655.244286776263
821.644992907548
303.712853282654
6.77607128763197
189.528876173906
0.381458465698387
393.382819244781
12.4208127564993
559.006517365948
1887.35980322911
1003.58402886904
438.85426244358
189.588419899759
11.6538383677892
238.185331244161
0.380417460405638
473.087472447858
14.2845898158586
925.560109697385
1753.67127624727
860.070176709095
444.828173706016
242.483881092785
8.01800103687767
143.612421788437
0.509480422383275
454.826138677595
11.0665406422055
601.799904739008
2152.75330116563
659.968349863706
746.310908106895
254.821580020112
10.0635135025296
182.26318967361
0.340742588839445
452.255032402645
12.4208127564993
746.151212609627
2266.1763656428
763.791465902681
494.317451523405
254.821580020112
10.8333082118406
182.26318967361
0.474488927950461
461.321739105719
13.3097469033894
463.956851721302
2889.58593663791
733.781981150595
751.253201561765
282.802030722598
8.67121975436762
215.632804906292
0.381458465698387
452.255032402645
12.4208127564993
559.006517365948
2252.27248451772
755.187573180182
438.85426244358
302.205324371775
10.8304549082377
176.152072885739
0.326162440837566
407.953068808825
9.75962348549558
518.686345529983
2515.40370617384
845.265673970937
459.534978748693
254.821580020112
10.0635135025296
182.26318967361
0.328017857292688
452.255032402645
12.4208127564993
666.183463277131
1990.0576309004
855.767372541763
438.85426244358
281.21442078513
9.50080433708914
201.675820212034
0.381458465698387
452.255032402645
12.4208127564993
559.006517365948
2252.27248451772
755.187573180182
438.85426244358
314.323585490026
8.67121975436762
215.632804906292
0.427232135489039
489.339225178491
11.940026128676
648.044596237405
2311.20132344115
808.648988269088
674.579307746903
282.802030722598
8.67121975436762
215.632804906292
0.381458465698387
452.255032402645
12.1946093158845
666.183463277131
2252.27248451772
855.767372541763
438.85426244358
282.802030722598
7.22637034459287
254.716568256916
0.382848727488562
473.087472447858
14.4680079496821
779.271815976344
1950.24655682209
855.767372541763
348.276355236841
282.802030722598
8.67121975436762
213.36381509359
0.390706935105971
395.413040822039
14.9366044718562
577.109426080649
1910.36021715298
635.450270214907
1018.24760590724
254.821580020112
10.0635135025296
182.26318967361
0.390706935105971
395.413040822039
14.9366044718562
577.109426080649
1910.36021715298
708.574146994469
930.700486731605
236.539669211991
10.9991277781154
218.459916019073
0.381458465698387
452.255032402645
12.4208127564993
666.183463277131
2252.27248451772
855.767372541763
438.85426244358
222.925395014217
13.2696470906302
186.527179053007
0.381458465698387
452.255032402645
10.52729131916
548.960375541199
2239.55138239838
697.884962966187
403.956424998872
279.440240757784
10.2090521894587
251.282604297939
0.409952833294513
404.138845750894
15.4510522369347
735.790850879737
2252.27248451772
763.995154165
378.659193007863
282.802030722598
8.67121975436762
215.632804906292
0.390706935105971
395.413040822039
14.9366044718562
577.109426080649
1910.36021715298
708.574146994469
930.700486731605
282.802030722598
8.67121975436762
208.891826346663
0.381458465698387
452.255032402645
12.4208127564993
666.183463277131
2252.27248451772
855.767372541763
438.85426244358
279.440240757784
9.41073736338735
251.282604297939
0.36079637349182
378.302254348108
10.9182174226438
880.678724129077
2555.45456063864
791.514656400918
455.534862284639
254.821580020112
10.0635135025296
182.26318967361
0.390706935105971
395.413040822039
13.6368702302106
577.109426080649
1910.36021715298
708.574146994469
930.700486731605
282.802030722598
8.67121975436762
215.632804906292
0.381458465698387
452.255032402645
12.1946093158845
791.131338639498
2252.27248451772
943.872976323517
438.85426244358
282.802030722598
8.67121975436762
215.632804906292
0.381458465698387
452.255032402645
12.4208127564993
559.006517365948
2252.27248451772
855.767372541763
438.85426244358
282.802030722598
8.67121975436762
215.632804906292
0.474488927950461
461.321739105719
13.3097469033894
561.562650238984
2459.03537591991
733.781981150595
774.179146689487
281.21442078513
9.50080433708914
201.675820212034
0.382848727488562
473.087472447858
14.4680079496821
779.271815976344
1950.24655682209
855.767372541763
348.276355236841
289.086257801823
8.41493371840239
195.799741567255
0.36079637349182
378.302254348108
10.9182174226438
880.678724129077
2555.45456063864
791.514656400918
455.534862284639
216.321572245068
11.7964729120084
215.616617092427
0.269286454139342
452.255032402645
12.4208127564993
796.596479670731
1947.29004341995
698.509862479524
437.72736646893
337.842687841462
7.99821558207236
234.972202782096
0.381458465698387
452.255032402645
12.4208127564993
770.682152455519
1912.72873689531
855.767372541763
421.745633167862
282.802030722598
8.67121975436762
215.632804906292
0.409952833294513
404.138845750894
15.4510522369347
666.183463277131
2252.27248451772
763.995154165
408.40957857393
282.802030722598
7.22637034459287
254.716568256916
0.381458465698387
452.255032402645
12.1946093158845
897.073065847151
2252.27248451772
855.767372541763
438.85426244358
337.842687841462
7.99821558207236
234.972202782096
0.36079637349182
415.567897053564
10.9182174226438
744.085455597344
2383.67712487303
763.995154165
504.763005283797
261.047706223448
9.68653549641778
247.967605015106
0.409952833294513
375.911628768019
17.8109707790634
589.348656222463
2252.27248451772
763.995154165
438.85426244358
239.16619533438
11.4347844007592
174.554230243801
0.474488927950461
461.321739105719
14.9488741699099
561.562650238984
2653.7929132011
816.635347117948
774.179146689487
282.802030722598
7.55092262126874
215.632804906292
0.381458465698387
452.255032402645
12.4208127564993
559.006517365948
2252.27248451772
755.187573180182
438.85426244358
207.791349562275
14.6095495770632
196.918590652239
0.263183630573738
398.522539903308
9.28090431274709
577.64899100764
2598.06134809569
636.336836657256
498.631168382925
308.186752135778
7.74896273987979
220.359451125687
0.381458465698387
452.255032402645
12.4208127564993
559.006517365948
1847.06977007194
973.493403401464
438.85426244358
289.086257801823
8.41493371840239
195.799741567255
0.427232135489039
461.321739105719
11.940026128676
648.044596237405
2311.20132344115
808.648988269088
711.870386968698
281.21442078513
9.50080433708914
180.592952594968
0.318529267591993
353.387578029809
8.9244501331181
812.607789275067
2383.67712487303
750.863140903947
504.763005283797
254.821580020112
10.0635135025296
182.26318967361
0.382848727488562
473.087472447858
12.4208127564993
779.271815976344
1950.24655682209
855.767372541763
348.276355236841
323.96025569644
8.67121975436762
215.632804906292
0.381458465698387
452.255032402645
12.1946093158845
897.073065847151
2252.27248451772
855.767372541763
438.85426244358
236.539669211991
10.9991277781154
218.459916019073
0.36079637349182
415.567897053564
10.9182174226438
744.085455597344
2383.67712487303
854.908288956063
504.763005283797
289.086257801823
8.41493371840239
195.799741567255
0.381458465698387
452.255032402645
12.4208127564993
559.006517365948
2252.27248451772
855.767372541763
438.85426244358
282.802030722598
10.0216641950302
215.632804906292
0.381458465698387
452.255032402645
12.1946093158845
666.183463277131
2252.27248451772
855.767372541763
438.85426244358
282.802030722598
8.67121975436762
213.36381509359
0.427232135489039
461.321739105719
11.940026128676
648.044596237405
2311.20132344115
808.648988269088
674.579307746903
262.476957089679
9.56881785577148
170.720053119029
0.474488927950461
488.74845859104
14.280279283857
407.930381642542
3247.64769067896
733.781981150595
669.770045258
279.440240757784
9.41073736338735
251.282604297939
0.409952833294513
404.138845750894
15.4510522369347
656.97531336519
2252.27248451772
763.995154165
408.40957857393
281.21442078513
11.6209688270156
201.675820212034
0.326162440837566
407.953068808825
9.75962348549558
518.686345529983
2383.67712487303
783.352933164892
422.732013483425
317.533568726445
8.41493371840239
228.095096501757
0.382848727488562
473.087472447858
14.4680079496821
779.271815976344
1950.24655682209
855.767372541763
348.276355236841
303.712853282654
6.77607128763197
189.528876173906
0.376751105183151
477.263281809025
14.9422965035538
653.914946346987
2323.68244572324
868.468343750023
348.276355236841
222.833102897172
13.2696470906302
182.886126236652
0.223660584452066
398.522539903308
9.28090431274709
695.510049907035
2598.06134809569
636.336836657256
576.620143747221
281.21442078513
9.76225830585712
201.675820212034
0.381458465698387
393.382819244781
11.8897554327846
656.194964220389
2259.97147041833
1003.58402886904
438.85426244358
274.252217190896
8.41493371840239
195.799741567255
0.376751105183151
477.263281809025
14.9422965035538
653.914946346987
2323.68244572324
868.468343750023
348.276355236841
281.21442078513
9.50080433708914
201.675820212034
0.36079637349182
385.110702280465
8.9244501331181
760.881961700117
2383.67712487303
763.995154165
504.763005283797
267.163286364147
7.0048179627632
185.567552231643
0.482491315145365
436.541171294512
17.0055645645916
666.183463277131
2220.90716894107
848.691473188781
438.85426244358
310.523229940269
8.42829461153886
248.962320639015
0.409952833294513
404.138845750894
15.4510522369347
666.183463277131
2252.27248451772
763.995154165
438.85426244358
294.765825628596
9.23650057011287
145.297057436715
0.428210083449232
461.94063227854
11.0665406422055
601.799904739008
2152.75330116563
668.319538269438
693.820590981585
254.821580020112
10.8333082118406
182.26318967361
0.474488927950461
461.321739105719
13.3097469033894
561.562650238984
2459.03537591991
733.781981150595
774.179146689487
317.533568726445
8.41493371840239
228.095096501757
0.381458465698387
452.255032402645
12.4208127564993
666.183463277131
2252.27248451772
855.767372541763
438.85426244358
272.052457417757
8.41493371840239
157.4793293751
0.431583699706864
459.605407767818
10.8449068832115
589.590276021259
2503.04271439457
808.468593013569
383.505471443738
289.086257801823
8.41493371840239
195.799741567255
0.36079637349182
415.567897053564
10.9182174226438
744.085455597344
2383.67712487303
783.352933164892
531.447703846259
282.802030722598
8.67121975436762
205.690843132419
0.36079637349182
382.09317871605
9.80285024868571
744.085455597344
2383.67712487303
827.730667540281
564.580142230129
317.533568726445
8.41493371840239
234.972202782096
0.261125838536252
475.470698861993
8.79081123319088
781.353152182336
2383.67712487303
763.995154165
646.756657563966
222.925395014217
13.2696470906302
186.527179053007
0.427232135489039
461.321739105719
11.940026128676
648.044596237405
2311.20132344115
808.648988269088
711.870386968698
236.539669211991
12.4411793955298
222.770075632821
0.383992629377288
382.09317871605
8.65794256785883
682.825270395267
1792.50313023757
827.730667540281
514.115067155937
281.21442078513
11.6209688270156
201.675820212034
0.381458465698387
393.382819244781
12.4208127564993
559.006517365948
1887.35980322911
1003.58402886904
438.85426244358
281.21442078513
9.50080433708914
201.675820212034
0.36079637349182
382.09317871605
9.80285024868571
744.085455597344
2383.67712487303
827.730667540281
564.580142230129
222.925395014217
11.2256806135325
186.527179053007
0.261125838536252
438.166514381119
8.79081123319088
781.353152182336
2383.67712487303
763.995154165
646.756657563966
317.533568726445
7.82808558915336
253.672757775691
0.227704282694982
417.69182438595
9.43782487130274
869.466019418787
2268.33614444917
807.253046011558
646.756657563966
317.533568726445
8.41493371840239
228.095096501757
0.382848727488562
473.087472447858
12.4208127564993
779.271815976344
1950.24655682209
855.767372541763
364.516906568961
282.802030722598
8.67121975436762
215.632804906292
0.381458465698387
452.255032402645
12.1946093158845
666.183463277131
2252.27248451772
855.767372541763
438.85426244358
269.400937784454
7.94217750205271
231.397752269349
0.381458465698387
452.255032402645
12.4208127564993
666.183463277131
2252.27248451772
855.767372541763
438.85426244358
281.21442078513
11.6209688270156
201.675820212034
0.381458465698387
452.255032402645
12.4208127564993
666.183463277131
2252.27248451772
855.767372541763
438.85426244358
261.047706223448
10.5415804896573
224.855978949223
0.262037719512656
505.19748320225
8.79081123319088
821.198494577753
2383.67712487303
763.995154165
557.628562978829
282.802030722598
8.67121975436762
215.632804906292
0.409952833294513
404.138845750894
15.4510522369347
666.183463277131
2252.27248451772
763.995154165
438.85426244358
254.821580020112
10.0635135025296
182.26318967361
0.427232135489039
409.589963083253
13.8010755221266
683.397970985099
2502.58742105006
803.36440628894
727.004321874385
282.802030722598
8.67121975436762
215.632804906292
0.390706935105971
395.413040822039
13.6368702302106
577.109426080649
1910.36021715298
708.574146994469
930.700486731605
282.802030722598
8.67121975436762
215.632804906292
0.409952833294513
404.138845750894
15.4510522369347
666.183463277131
2252.27248451772
763.995154165
438.85426244358
281.21442078513
11.6209688270156
201.675820212034
0.319426073568335
452.255032402645
13.8857168081124
666.183463277131
2252.27248451772
855.767372541763
438.85426244358
282.802030722598
8.67121975436762
215.632804906292
0.381458465698387
488.796448461319
12.4208127564993
666.183463277131
2252.27248451772
855.767372541763
438.85426244358
261.047706223448
10.5415804896573
224.855978949223
0.427232135489039
489.339225178491
11.940026128676
648.044596237405
2311.20132344115
808.648988269088
674.579307746903
289.086257801823
8.41493371840239
195.799741567255
0.427232135489039
461.321739105719
11.940026128676
648.044596237405
2311.20132344115
808.648988269088
674.579307746903
281.21442078513
12.631350861352
176.551495837934
0.438845647037591
561.9379721143
12.4208127564993
779.271815976344
2326.44127201597
855.767372541763
292.570648662708
312.533462524951
12.631350861352
149.194219381938
0.376751105183151
477.263281809025
14.9422965035538
653.914946346987
2323.68244572324
868.468343750023
348.276355236841
312.533462524951
12.631350861352
149.194219381938
0.381458465698387
452.255032402645
12.4208127564993
559.006517365948
2252.27248451772
755.187573180182
438.85426244358
222.925395014217
13.2696470906302
186.527179053007
0.261125838536252
475.470698861993
8.79081123319088
781.353152182336
2383.67712487303
763.995154165
646.756657563966
274.252217190896
8.41493371840239
195.799741567255
0.409952833294513
457.350195102835
15.4510522369347
666.183463277131
2299.55306067566
696.857226545788
438.85426244358
260.302290308307
10.8333082118406
173.630603756694
0.399138789420767
461.321739105719
12.4109788779774
605.2535324204
2172.89658431878
668.319538269438
711.870386968698
254.821580020112
10.0635135025296
182.26318967361
0.381458465698387
452.255032402645
12.4208127564993
666.183463277131
2252.27248451772
855.767372541763
438.85426244358
282.802030722598
8.67121975436762
215.632804906292
0.230353315592646
486.027799551183
8.79081123319088
781.353152182336
2732.79025323798
808.471258484214
556.028813409484
289.086257801823
8.41493371840239
195.799741567255
0.487653957917635
370.370695851004
16.499058238815
680.688800207937
2501.44462242439
667.195482146808
438.85426244358
337.945970459118
10.064564482397
259.255926004681
0.438232060639886
461.321739105719
11.7418466210678
648.044596237405
2750.06446989787
923.987813526246
748.303508354404
282.802030722598
7.22637034459287
254.716568256916
0.381458465698387
452.255032402645
12.4208127564993
559.006517365948
2252.27248451772
755.187573180182
438.85426244358
281.21442078513
11.6209688270156
201.675820212034
0.36079637349182
382.09317871605
9.80285024868571
744.085455597344
2383.67712487303
827.730667540281
564.580142230129
285.881102616283
9.2707096472299
228.095096501757
0.427232135489039
461.321739105719
11.940026128676
648.044596237405
2311.20132344115
808.648988269088
711.870386968698
281.21442078513
11.6209688270156
201.675820212034
0.381458465698387
452.255032402645
12.4208127564993
666.183463277131
2252.27248451772
855.767372541763
438.85426244358
235.900684114944
8.78932350225998
201.077344945748
0.391400250891024
537.216495888053
11.5592282808602
559.006517365948
2252.27248451772
755.187573180182
504.480849346925
191.96585894414
13.2696470906302
182.886126236652
0.223660584452066
398.522539903308
9.28090431274709
695.510049907035
2598.06134809569
636.336836657256
576.620143747221
317.533568726445
8.41493371840239
228.095096501757
0.382848727488562
473.087472447858
12.4208127564993
779.271815976344
1950.24655682209
855.767372541763
348.276355236841
254.821580020112
8.87596440467642
182.26318967361
0.427232135489039
424.578274026487
11.940026128676
696.924316025649
2565.09643013619
808.648988269088
711.870386968698
282.802030722598
8.67121975436762
208.891826346663
0.381458465698387
452.255032402645
12.4208127564993
559.006517365948
2252.27248451772
855.767372541763
438.85426244358
270.247177833933
7.08085453246392
215.632804906292
0.36079637349182
378.302254348108
10.9182174226438
880.678724129077
2555.45456063864
767.686119116056
455.534862284639
289.086257801823
8.41493371840239
195.799741567255
0.36079637349182
462.115460292822
9.75962348549558
648.110155826708
2383.67712487303
783.352933164892
495.279921805268
216.321572245068
11.7964729120084
215.616617092427
0.409952833294513
404.138845750894
15.4510522369347
666.183463277131
2252.27248451772
763.995154165
438.85426244358
235.900684114944
8.78932350225998
201.077344945748
0.36079637349182
415.567897053564
10.9182174226438
744.085455597344
2383.67712487303
763.995154165
504.763005283797
261.047706223448
10.5415804896573
224.855978949223
0.381458465698387
452.255032402645
12.4208127564993
666.183463277131
2252.27248451772
855.767372541763
438.85426244358
274.252217190896
8.41493371840239
195.799741567255
0.381458465698387
452.255032402645
12.4208127564993
666.183463277131
2252.27248451772
855.767372541763
438.85426244358
243.863363949335
11.6209688270156
201.675820212034
0.382848727488562
473.087472447858
12.4208127564993
779.271815976344
1950.24655682209
855.767372541763
377.46353782485
254.821580020112
10.680991824807
163.939043039734
0.36079637349182
415.567897053564
10.9182174226438
744.085455597344
2383.67712487303
854.908288956063
504.763005283797
254.821580020112
10.8333082118406
182.26318967361
0.381458465698387
452.255032402645
12.4208127564993
666.183463277131
2252.27248451772
855.767372541763
438.85426244358
279.440240757784
9.41073736338735
248.325990805044
0.474488927950461
488.74845859104
14.280279283857
407.930381642542
3247.64769067896
733.781981150595
669.770045258
279.440240757784
9.41073736338735
248.325990805044
0.409952833294513
404.138845750894
15.4510522369347
666.183463277131
2252.27248451772
763.995154165
408.40957857393
310.523229940269
8.42829461153886
248.962320639015
0.465520914553879
461.321739105719
11.3575308762316
744.092090955594
2475.24803694159
778.720929966332
674.579307746903
289.086257801823
8.41493371840239
195.799741567255
0.390706935105971
395.413040822039
14.9366044718562
577.109426080649
1910.36021715298
708.574146994469
930.700486731605
261.047706223448
10.5415804896573
224.855978949223
0.316580256038068
447.155940587887
8.79081123319088
732.32725399034
2383.67712487303
763.995154165
557.628562978829
236.539669211991
12.4411793955298
222.770075632821
0.337157669721034
473.087472447858
12.4208127564993
779.271815976344
1950.24655682209
855.767372541763
412.564884499059
254.821580020112
10.8333082118406
182.26318967361
0.438845647037591
561.9379721143
12.4208127564993
779.271815976344
2326.44127201597
855.767372541763
292.570648662708
281.21442078513
9.50080433708914
201.675820212034
0.427232135489039
395.920915373082
13.8010755221266
683.397970985099
2269.77729229174
803.36440628894
694.724292623216
222.925395014217
13.2696470906302
186.527179053007
0.427232135489039
461.321739105719
11.940026128676
648.044596237405
2311.20132344115
808.648988269088
674.579307746903
317.533568726445
8.41493371840239
234.972202782096
0.381458465698387
452.255032402645
12.4208127564993
666.183463277131
2252.27248451772
855.767372541763
438.85426244358
261.047706223448
11.4735427479687
186.527179053007
0.27494153508533
475.470698861993
8.79081123319088
781.353152182336
2383.67712487303
763.995154165
590.107120802748
282.802030722598
8.67121975436762
215.632804906292
0.381458465698387
452.255032402645
12.4208127564993
666.183463277131
2252.27248451772
855.767372541763
438.85426244358
261.047706223448
11.4735427479687
155.61955993627
0.230353315592646
486.027799551183
8.79081123319088
781.353152182336
2732.79025323798
808.471258484214
556.028813409484
254.821580020112
10.0635135025296
182.26318967361
0.427232135489039
395.920915373082
13.8010755221266
683.397970985099
2269.77729229174
803.36440628894
694.724292623216
189.849380749786
10.9991277781154
218.459916019073
0.300374758603068
415.567897053564
10.9182174226438
733.061176069685
2714.28648709446
948.9851484367
504.763005283797
259.569577316858
10.5043022152125
184.092092454488
0.36079637349182
457.540418276026
12.2152487756728
655.212341471784
2664.35345917736
665.256751142988
531.447703846259
282.802030722598
8.67121975436762
221.375258027716
0.423463209987604
510.795959635868
13.1594092231549
648.044596237405
2274.58245940891
667.969465074216
610.7185882078
274.233209870505
8.07735267159672
208.891826346663
0.381458465698387
324.689207876466
12.4208127564993
460.975224462294
1887.35980322911
848.178157212477
438.85426244358
312.533462524951
12.631350861352
149.194219381938
0.381458465698387
452.255032402645
14.1442908083629
559.006517365948
2252.27248451772
755.187573180182
438.85426244358
282.802030722598
8.67121975436762
215.632804906292
0.381458465698387
452.255032402645
12.4208127564993
666.183463277131
2252.27248451772
855.767372541763
438.85426244358
267.212090954094
8.42829461153886
248.962320639015
0.409952833294513
404.138845750894
13.9077609770065
666.183463277131
2252.27248451772
673.722879599618
463.909027441449
222.925395014217
13.2696470906302
186.527179053007
0.381458465698387
452.255032402645
12.4208127564993
666.183463277131
2252.27248451772
855.767372541763
438.85426244358
327.418437295976
7.55092262126874
185.833518487356
0.416674664913516
639.647470480396
13.8717736152867
633.475171165576
2203.10419437058
1014.2271366172
697.681489980268
190.355787379067
13.2696470906302
206.744041193039
0.468865983274917
461.321739105719
11.940026128676
648.044596237405
1927.61931149599
808.648988269088
574.524666687579
254.821580020112
10.0635135025296
182.26318967361
0.36079637349182
382.09317871605
9.80285024868571
744.085455597344
2383.67712487303
827.730667540281
564.580142230129
276.660965362856
10.0635135025296
182.26318967361
0.411946145948115
452.255032402645
12.4208127564993
666.183463277131
2252.27248451772
855.767372541763
438.85426244358
282.802030722598
8.67121975436762
208.891826346663
0.382848727488562
473.087472447858
12.4208127564993
779.271815976344
1950.24655682209
855.767372541763
348.276355236841
282.802030722598
8.67121975436762
221.375258027716
0.423463209987604
461.321739105719
13.1594092231549
648.044596237405
2293.85890737789
808.648988269088
674.579307746903
281.21442078513
11.6209688270156
201.675820212034
0.36079637349182
415.567897053564
10.9182174226438
744.085455597344
2383.67712487303
783.352933164892
531.447703846259
281.21442078513
9.50080433708914
201.675820212034
0.263183630573738
398.522539903308
9.28090431274709
577.64899100764
2598.06134809569
636.336836657256
498.631168382925
254.821580020112
10.8333082118406
182.26318967361
0.427232135489039
461.321739105719
11.940026128676
648.044596237405
2311.20132344115
808.648988269088
711.870386968698
289.086257801823
8.41493371840239
195.799741567255
0.487653957917635
370.370695851004
16.499058238815
680.688800207937
2501.44462242439
667.195482146808
438.85426244358
282.802030722598
8.67121975436762
215.632804906292
0.427232135489039
461.321739105719
11.940026128676
648.044596237405
2311.20132344115
808.648988269088
711.870386968698
235.900684114944
8.78932350225998
201.077344945748
0.382848727488562
473.087472447858
12.4208127564993
779.271815976344
1950.24655682209
855.767372541763
348.276355236841
254.821580020112
10.8333082118406
182.26318967361
0.381458465698387
393.382819244781
12.4208127564993
559.006517365948
1887.35980322911
1003.58402886904
438.85426244358
282.802030722598
10.0216641950302
215.632804906292
0.381458465698387
452.255032402645
10.52729131916
548.960375541199
2239.55138239838
697.884962966187
403.956424998872
312.533462524951
12.631350861352
149.194219381938
0.519487369957322
450.509526835645
12.8534685114297
779.271815976344
2326.44127201597
1010.93479583285
245.993821282522
289.086257801823
8.41493371840239
195.799741567255
0.326162440837566
407.953068808825
9.75962348549558
518.686345529983
2383.67712487303
783.352933164892
422.732013483425
305.581560207602
10.8333082118406
161.535844685702
0.438232060639886
461.321739105719
11.7418466210678
648.044596237405
2750.06446989787
923.987813526246
748.303508354404
281.21442078513
11.6209688270156
201.675820212034
0.36079637349182
415.567897053564
10.9182174226438
744.085455597344
2383.67712487303
763.995154165
504.763005283797
312.533462524951
12.631350861352
149.194219381938
0.427232135489039
461.321739105719
11.940026128676
648.044596237405
2311.20132344115
808.648988269088
711.870386968698
282.802030722598
10.2423841262317
186.621325615271
0.381458465698387
452.255032402645
10.52729131916
548.960375541199
2239.55138239838
697.884962966187
403.956424998872
285.881102616283
9.2707096472299
228.095096501757
0.36079637349182
457.540418276026
12.2152487756728
655.212341471784
2664.35345917736
665.256751142988
531.447703846259
274.252217190896
9.04093289116563
200.698716194111
0.310592733756785
477.776265980043
14.7291341950638
756.205972393617
2474.99539662721
840.450253561774
499.607905365032
282.802030722598
8.67121975436762
215.632804906292
0.381458465698387
452.255032402645
12.4208127564993
666.183463277131
2252.27248451772
855.767372541763
438.85426244358
282.802030722598
8.67121975436762
215.632804906292
0.36079637349182
415.567897053564
10.9182174226438
744.085455597344
2383.67712487303
763.995154165
504.763005283797
270.247177833933
7.08085453246392
215.632804906292
0.36079637349182
378.302254348108
10.9182174226438
880.678724129077
2555.45456063864
791.514656400918
455.534862284639
254.821580020112
10.8333082118406
182.26318967361
0.36079637349182
415.567897053564
10.9182174226438
744.085455597344
2383.67712487303
783.352933164892
531.447703846259
317.533568726445
8.41493371840239
234.972202782096
0.337157669721034
473.087472447858
12.4208127564993
779.271815976344
1950.24655682209
855.767372541763
412.564884499059
235.900684114944
8.78932350225998
201.077344945748
0.381458465698387
452.255032402645
12.4208127564993
666.183463277131
2252.27248451772
855.767372541763
438.85426244358
303.712853282654
6.77607128763197
189.528876173906
0.376751105183151
477.263281809025
14.9422965035538
653.914946346987
2323.68244572324
798.976633230031
348.276355236841
169.834132095644
14.5103320717722
196.918590652239
0.22840737506326
398.522539903308
7.95439598649464
467.985381300956
2598.06134809569
636.336836657256
452.712022548279
274.233209870505
8.07735267159672
208.891826346663
0.381458465698387
393.382819244781
12.4208127564993
559.006517365948
1887.35980322911
1003.58402886904
438.85426244358
236.539669211991
10.9991277781154
218.459916019073
0.344125586283385
382.09317871605
10.7667950428338
629.268850367319
1992.69095771682
827.730667540281
597.426561884419
282.802030722598
8.67121975436762
215.632804906292
0.36079637349182
415.567897053564
10.9182174226438
744.085455597344
2383.67712487303
763.995154165
504.763005283797
282.802030722598
8.67121975436762
215.632804906292
0.381458465698387
452.255032402645
12.1946093158845
786.568419702948
2252.27248451772
855.767372541763
438.85426244358
289.086257801823
8.41493371840239
195.799741567255
0.381458465698387
452.255032402645
12.4208127564993
666.183463277131
2252.27248451772
855.767372541763
438.85426244358
183.60982860554
14.9862618377603
167.041762342605
0.401345181305123
406.22293390295
14.0862265685758
673.342781982894
1854.63084900527
808.648988269088
756.191780445216
282.802030722598
8.67121975436762
215.632804906292
0.427232135489039
461.321739105719
11.940026128676
648.044596237405
2311.20132344115
808.648988269088
711.870386968698
254.821580020112
9.69652996956118
185.513524336946
0.381458465698387
463.07408499193
12.9507175700537
757.971131765239
2252.27248451772
855.767372541763
438.85426244358
