0.028270810463050678
0.027488042143678792
0.03183824895530407
0.03746856795640653
0.04044545564942266
0.09644127957325534
0.028804662573090237
0.03966471324202804
0.029012566515244028
0.031892530333747775
0.03288715249594139
0.03653769506910508
0.033581843406524835
0.027565736501635088
0.029309541996976562
0.027517407845645925
0.03295117131083091
0.02991156203320288
0.04326169956381444
0.03784782672140585
0.0493758441906902
0.11848544587902954
0.049025369771773075
0.028233353925873877
0.02708619008271241
0.02782735500479105
0.02936485647871132
0.03630577082533343
0.05147595638624581
0.02919558712242415
0.10561138582496471
0.040660732760841124
0.19232604555062704
0.036322906173675715
0.034198359797043526
0.03417519650385714
0.02877233274497224
0.04260380314495341
0.03472504216277637
0.028530630697320848
0.030182538138463225
0.028506596751057222
0.04482399393609474
0.02801020474602363
0.02795249582202319
0.0564685526339534
0.04457524000956968
0.033575556273840734
0.027895503422082885
0.027770000528965357
0.043824708682061474
0.027668372214591674
0.030261404605982
0.029754036203547832
0.02927351475662651
0.02877555768558055
0.030603676972230234
0.14552367334308866
0.028641016120517226
0.02766465578013977
0.0474491503142855
0.029463592591887414
0.03564641118228104
0.030175584381600867
0.028809660475863818
0.107790677683517
0.031429365614053247
0.028979477228030456
0.030466558551029633
0.03183828343472559
0.02940571223319799
0.05905683808496405
0.030347568220160336
0.02838515049617045
0.027014901493139086
0.04374672788179639
0.031991364005076274
0.029088711247840765
0.027324810864976717
0.030036640983521993
0.10059281821206098
0.029382158725889132
0.029474380801730166
0.027094552098738216
0.029793979011598214
0.028174235560549495
0.06479545798666812
0.029756157541945837
0.027743943490902284
0.03799349242940469
0.027041077242594372
0.027260809166708085
0.04115128354209864
0.04151023061073168
0.04695820502605468
0.03313480329124218
0.02732576905009095
0.09913106172343207
0.05979124333069185
0.02684053824171329
0.028506596751057222
0.03801797044602621
0.027649117760190516
0.09565581842106481
0.027664630738684165
0.027639935201042302
0.027627685474598374
0.027664630738684165
0.031213546691939206
0.030480914048638386
0.03646945993955735
0.02897949523123733
0.029333080614278535
0.06738046355524974
0.0800557640354508
0.10957413457611768
0.027647467826386385
0.028432955265663362
0.029309541996976562
0.0720680802923132
0.04269166132936562
0.030937454039166846
0.03763362259061717
0.02764140261838946
0.027641353309461533
0.027649117760190516
0.056090920538793505
0.1717367365599078
0.02684053807918877
0.026868646698591712
0.0293357094817109
0.037033084012465065
0.026517831460874327
0.061491090385343165
0.04875465887287157
0.039361127780746206
0.02767189560445796
0.046378859041723876
0.027670818500731772
0.029245947572490077
0.03784153125480276
0.03148925532189779
0.026740191751026328
0.03232124099020569
0.054386566983410364
0.08329306426342935
0.03329410649025462
0.029683630364649584
0.041510290225866754
0.027334200322339092
0.05037172267168838
0.028561632392394162
0.04792772095619465
0.027965584175026998
0.1795720841078057
0.02960886395238616
0.030109877753331904
0.034818507868644315
0.08058994025121831
0.028561632392394162
0.036606732949998916
0.0495348256658294
0.038284134787335285
0.09174080242578193
0.02830887446847359
0.02922458945664299
0.02921818383020328
0.027846731572234957
0.027403303508148315
0.0325279573536534
0.02760572046083985
0.04269166132936562
0.02708616300210181
0.05455474580448207
0.0314710061930657
0.028195839557985932
0.09644127019394
0.029139318099882357
0.060897566560989914
0.027427716973587465
0.08204780086729926
0.030402433759371385
0.03148578064942588
0.03960060517271567
0.028561632392394162
0.02874306382095091
0.03699768390829887
0.02929797652515042
0.029104652660508133
0.0474259047186383
0.029806771189002174
0.23595405375335007
0.031145765109034166
0.05185284846852531
0.02874306382095091
0.029811317531739948
0.027565736501635088
0.07170586871854186
0.02708616300210181
0.03195739057835325
