90.1846154655065
180.437078725353
273.303617287071
366.788659534915
456.960540349776
90.1846154655065
180.437078725353
273.303617287071
366.788659534915
456.960540349776
90.1846154655065
180.437078725353
273.303617287071
366.788659534915
456.960540349776
90.1846154655065
180.437078725353
273.303617287071
366.788659534915
456.960540349776
90.1846154655065
180.437078725353
273.303617287071
366.788659534915
456.960540349776
90.1846154655065
180.437078725353
273.303617287071
366.788659534915
456.960540349776
90.1846154655065
180.437078725353
273.303617287071
366.788659534915
456.960540349776
90.1846154655065
180.437078725353
273.303617287071
366.788659534915
456.960540349776
90.1846154655065
180.437078725353
273.303617287071
366.788659534915
456.960540349776
90.1846154655065
180.437078725353
273.303617287071
366.788659534915
456.960540349776
90.1846154655065
139.938597759565
219.327330590549
366.788659534915
456.960540349776
90.1846154655065
261.344676299547
273.303617287071
364.083876341945
292.98654244461
90.1846154655065
135.40222820475
273.303617287071
366.788659534915
456.960540349776
90.1846154655065
52.1262900195207
294.97595099416
244.681965660371
639.078138527567
90.1846154655065
180.437078725353
273.303617287071
345.639310056047
615.328928849007
79.4792341195135
180.437078725353
273.303617287071
366.788659534915
456.960540349776
120.077500908945
180.437078725353
308.785321620517
239.370141530081
369.282142288302
49.6118099425805
165.40761120333
346.614793661133
366.788659534915
315.522145024373
53.4821108177066
120.150472278458
339.205408130949
281.925799189259
315.522145024373
90.1846154655065
135.40222820475
273.303617287071
532.739353722635
399.23356406758
90.1846154655065
180.437078725353
273.303617287071
366.788659534915
456.960540349776
90.1846154655065
171.70906175955
295.134246612659
366.788659534915
456.960540349776
90.1846154655065
171.70906175955
273.303617287071
366.788659534915
456.960540349776
90.1846154655065
180.437078725353
273.303617287071
188.364608808935
565.072125315692
90.1846154655065
139.938597759565
219.327330590549
366.788659534915
282.511806924829
90.1846154655065
180.437078725353
273.303617287071
366.788659534915
456.960540349776
90.1846154655065
180.437078725353
273.303617287071
366.788659534915
314.90249325667
90.1846154655065
180.437078725353
273.303617287071
366.788659534915
456.960540349776
125.276549878797
143.763119779573
260.232544189963
101.983978890404
565.072125315692
49.6118099425805
99.8689791109313
429.189036589514
255.856507539836
456.960540349776
59.2276226177441
268.066177060619
221.426860217775
237.789262016528
584.600024935609
90.1846154655065
180.437078725353
273.303617287071
366.788659534915
642.633585918852
59.2276226177441
268.066177060619
261.163034965816
366.788659534915
456.960540349776
132.340986305298
180.437078725353
334.615961002803
366.788659534915
456.960540349776
113.789266972199
119.418787407637
219.327330590549
188.364608808935
565.072125315692
132.340986305298
270.198037484445
390.63165930707
369.000908387598
516.460638063342
90.1846154655065
180.437078725353
273.303617287071
366.788659534915
456.960540349776
90.1846154655065
180.437078725353
223.737097375014
366.788659534915
456.960540349776
88.5659509840511
180.437078725353
273.303617287071
408.215978593516
504.220108693865
90.1846154655065
180.437078725353
273.303617287071
532.739353722635
456.960540349776
90.1846154655065
180.437078725353
273.303617287071
532.739353722635
456.960540349776
90.1846154655065
139.938597759565
219.327330590549
188.364608808935
565.072125315692
59.2276226177441
268.066177060619
221.426860217775
366.788659534915
315.522145024373
90.1846154655065
171.70906175955
155.233354864519
366.788659534915
361.828123215687
113.789266972199
129.947438431087
254.905984792031
382.312790365573
666.230702468277
49.6118099425805
99.8689791109313
429.189036589514
366.788659534915
315.522145024373
59.2276226177441
268.066177060619
221.426860217775
237.789262016528
456.960540349776
49.6118099425805
165.40761120333
346.614793661133
364.083876341945
292.98654244461
63.1981701678927
180.437078725353
218.393735433646
366.788659534915
456.960540349776
90.1846154655065
101.537649756676
202.691056626493
383.28148326464
569.182799887045
41.1692596587789
142.670773493668
346.614793661133
198.145772473007
455.531853262219
90.1846154655065
180.437078725353
273.303617287071
366.788659534915
456.960540349776
90.1846154655065
180.437078725353
273.303617287071
188.364608808935
797.963897569782
63.1981701678927
180.437078725353
218.393735433646
366.788659534915
456.960540349776
113.381329325844
180.437078725353
273.303617287071
393.546025182832
585.110573216374
90.1846154655065
180.437078725353
273.303617287071
366.788659534915
456.960540349776
90.1846154655065
139.938597759565
219.327330590549
532.739353722635
456.960540349776
59.2276226177441
268.066177060619
221.426860217775
366.788659534915
456.960540349776
83.0642888850613
189.5276383357
209.773346313866
366.788659534915
456.960540349776
90.1846154655065
180.437078725353
273.303617287071
366.788659534915
456.960540349776
90.1846154655065
139.938597759565
219.327330590549
366.788659534915
456.960540349776
63.1981701678927
180.437078725353
218.393735433646
532.739353722635
456.960540349776
79.4792341195135
180.437078725353
273.303617287071
366.788659534915
311.485685176661
83.0642888850613
189.5276383357
209.773346313866
366.788659534915
456.960540349776
90.1846154655065
180.437078725353
273.303617287071
532.739353722635
626.051965524371
90.1846154655065
135.40222820475
306.46676325195
366.788659534915
315.522145024373
106.907697898847
52.1262900195207
179.905087601489
352.69877776596
623.359166456351
90.1846154655065
135.40222820475
306.46676325195
532.739353722635
626.051965524371
49.6118099425805
165.40761120333
346.614793661133
198.145772473007
456.960540349776
90.1846154655065
180.437078725353
273.303617287071
532.739353722635
456.960540349776
59.2276226177441
268.066177060619
221.426860217775
366.788659534915
456.960540349776
90.1846154655065
180.437078725353
223.737097375014
366.788659534915
456.960540349776
79.4792341195135
180.437078725353
273.303617287071
366.788659534915
456.960540349776
63.1981701678927
180.437078725353
218.393735433646
366.788659534915
315.522145024373
49.6118099425805
165.40761120333
346.614793661133
366.788659534915
456.960540349776
113.381329325844
180.437078725353
273.303617287071
366.788659534915
456.960540349776
90.1846154655065
171.70906175955
273.303617287071
366.788659534915
315.522145024373
49.6118099425805
165.40761120333
346.614793661133
255.588235432835
565.072125315692
134.524462161823
52.1262900195207
179.905087601489
352.69877776596
918.250422024858
90.1846154655065
139.938597759565
225.193149696428
366.788659534915
456.960540349776
90.1846154655065
135.40222820475
306.46676325195
366.788659534915
282.511806924829
90.1846154655065
139.938597759565
219.327330590549
366.788659534915
456.960540349776
90.1846154655065
101.537649756676
273.303617287071
383.28148326464
456.960540349776
132.340986305298
180.437078725353
334.615961002803
369.000908387598
516.460638063342
90.1846154655065
139.938597759565
219.327330590549
366.788659534915
456.960540349776
132.340986305298
180.437078725353
334.615961002803
442.526507758413
594.207972431795
113.789266972199
119.418787407637
219.327330590549
255.588235432835
565.072125315692
90.1846154655065
129.249327946442
273.303617287071
366.788659534915
456.960540349776
114.71140651491
102.31668640699
306.46676325195
279.59436320017
626.051965524371
63.1981701678927
180.437078725353
218.393735433646
366.788659534915
456.960540349776
90.1846154655065
180.437078725353
273.303617287071
366.788659534915
456.960540349776
90.1846154655065
171.70906175955
273.303617287071
366.788659534915
456.960540349776
90.1846154655065
101.537649756676
202.691056626493
383.28148326464
534.809251622784
90.1846154655065
52.1262900195207
294.97595099416
244.681965660371
426.549119473637
90.1846154655065
180.437078725353
273.303617287071
366.788659534915
456.960540349776
113.381329325844
180.437078725353
273.303617287071
366.788659534915
456.960540349776
90.1846154655065
180.437078725353
273.303617287071
366.788659534915
456.960540349776
90.1846154655065
180.437078725353
273.303617287071
188.364608808935
565.072125315692
90.1846154655065
135.40222820475
273.303617287071
532.739353722635
626.051965524371
90.1846154655065
170.397206911512
294.862407685355
597.202558500812
549.335752793827
