1.7497812096599506e-06
1.7497812096599506e-06
1.7497812096599506e-06
1.7497812096599506e-06
1.7497812096599506e-06
1.7497812096599506e-06
1.7497812096599506e-06
1.7497812096599506e-06
1.7497812096599506e-06
1.7497812096599506e-06
0.009581274784102842
0.01294993805633201
0.00971215176499441
0.2829245349283163
0.0007571271251728686
0.002358716144554848
0.016458779917603347
0.03746913021377732
0.008155915887763716
0.012197493898270005
1.7497812096599506e-06
0.00022559572098648887
0.00023561706180650648
0.007080005991007407
0.01212757229826544
1.7497812096599506e-06
0.0012866799449377285
1.7497812096599506e-06
0.08661116103133669
0.010874896859107558
0.051429325084634096
0.0006837246543764017
0.054931474929575265
0.02226467046551931
0.07853795576002456
0.0008893170091709235
1.7497812096599506e-06
0.0005425239192552316
0.00016240228521408805
0.0018904888791672094
0.0018904888791672094
0.01612335942691769
0.052334388328337596
0.006651599477974119
0.0489352880570553
0.007844833720301486
0.0499018129890145
0.037942552895878806
0.013832417633292815
0.05040468813172464
0.04861404415485696
1.7497812096599506e-06
0.008998896967053091
0.013832417633292815
0.008367210521939351
1.7497812096599506e-06
0.011223806407546758
0.051843131517318286
0.0017811555574732043
1.7497812096599506e-06
0.009581274784102842
0.017058525668974162
0.003577032893236736
0.0017811555574732043
0.0007066411609455769
0.010644952253102932
0.39064304712297376
0.008612538632322267
0.04129845970484798
0.0018904888791672094
0.051843131517318286
0.0005425239192552316
0.002358716144554848
0.014732046609778606
0.03657380886375698
0.008474569280971497
0.0015569806989640903
0.039270295818521976
0.5590942429678964
0.009246148532985533
0.011751636538617933
0.009581274784102842
0.04512713788248201
0.02217442966776912
0.009581274784102842
0.021044054343984046
0.07288125117352864
0.013459856080865095
0.1070648985932438
0.013832417633292815
1.7497812096599506e-06
0.00023561706180650648
0.05034607824974994
0.28132426686391965
1.7497812096599506e-06
0.008474569280971497
1.7497812096599506e-06
0.007080005991007407
0.00955252995691377
0.0016866241450230305
