0.7573849500210736 0.5579296469108473 0.48439512811695223 0.3651971537495714 -0.27470305022169095 0.14735307589908356 0.13151068384859663 0.10257067096035824 -0.14649199994478798 -0.3037275585641714 0.06867872603006178 0.053910103422911915 -0.0748965237218589 -0.15789367507319016 -0.37906219379340295 0.02734244540048429 -0.02752239146131347 -0.05866693627231235 -0.14159522102805677 -0.43058757867656106 0.41914390081429537 0.11772788352444075 0.061877118322110056 0.031383352119050856 0.01147195310096271
0.9730789838879157 0.7429884619714093 0.648291804924227 0.4794756438678688 -0.27646595549958364 0.07884449605954642 0.07143526495785917 0.055259439911996465 -0.17280150799201738 -0.3201028548925771 0.04409486494178931 0.034187984219367376 -0.08390990171872405 -0.15680140307215926 -0.38866733516139507 0.016457682943884756 -0.0265219631932126 -0.04984019782192019 -0.12396179658809431 -0.41017956984593634 0.5807310885393513 0.066933339017801 0.04141053792626977 0.019934585854319068 0.006265900180089163
0.7720837059052524 0.5827759842709928 0.5069087061336675 0.3819113250389571 -0.2744617983861408 0.1420104742390461 0.12717999242509767 0.09957593066664557 -0.1446449869762535 -0.3025384358282221 0.06563992751107248 0.051736673458289806 -0.07490552913587906 -0.15902769833011302 -0.3719592919966132 0.026590490833787565 -0.030636365855473486 -0.06566319276356637 -0.1543332648767077 -0.4366232321552419 0.43193059431111375 0.11262304437518866 0.058516053185626964 0.030074941420568303 0.012242170125743877
0.7574133835638004 0.5581429486473308 0.4848976400345847 0.365000269957598 -0.2746018886284366 0.1474598625824233 0.1316805269056335 0.10256817877593762 -0.14643301166785203 -0.3035438618077325 0.06876131527403342 0.05390698539077427 -0.07500281470305172 -0.15808047288438073 -0.37917982117030913 0.027391141003576442 -0.02763704735877311 -0.058897521672235005 -0.1420278657024384 -0.43055784842413003 0.4189247884782271 0.11772694477943099 0.06187454945477646 0.031439757259508254 0.011524087438144526
0.5965219219365396 0.4828306447444172 0.43500089466785663 0.34401144645276244 -0.305193662702744 0.20194885496868017 0.18465162119361522 0.1492238311885916 -0.07894161778251506 -0.2693048475733096 0.046385532416015 0.03796040739156196 -0.05009853977152745 -0.1726417138801232 -0.36027137607208237 0.02404007536869883 -0.021150520375371896 -0.07363296826722752 -0.15408386218631953 -0.4402586422154965 0.3861778300685891 0.1675223843559171 0.042616430589350295 0.026988793900053674 0.011370129986174525
0.6835756420135289 0.4857780142974332 0.42961996083485254 0.3263043333124809 -0.28458594626342637 0.17760214925317527 0.15995892778591442 0.12435697730551294 -0.12912390212518457 -0.2996093408569862 0.070386833373741 0.05516662704089812 -0.06273318027921684 -0.1485921181463565 -0.3751319016145767 0.026549346249524194 -0.022022898316703336 -0.052831553782867816 -0.13395086491552058 -0.4200727131447351 0.38410961173016667 0.14639150671218662 0.06494216197784941 0.031254031108225694 0.010908907703599407
0.6048309721761838 0.4622361716728675 0.3940823822341792 0.26100739826708075 -0.23152320005957683 0.1945869153478399 0.1694985790648894 0.11462158678415406 -0.11306140908903456 -0.2589361863659878 0.07981676059681045 0.054445687408959526 -0.08999974984169902 -0.20756078769774164 -0.4325988376072147 0.04311099599960716 -0.01575766056804277 -0.037164842851987685 -0.07825532101969175 -0.37667528605759926 0.34302895293348856 0.15064680304198635 0.07155885425278868 0.0566616416400584 0.009754686531932252
0.818030980124205 0.5672800746871953 0.4715602450567772 0.3509022805410538 -0.22690331679348502 0.12030445869929753 0.10391226883124526 0.08020829667048537 -0.1978941483848406 -0.3016539240611889 0.09021557004128629 0.06973664004499568 -0.10709594620007631 -0.166269845628797 -0.39679615142873215 0.03737673482215089 -0.03222125518376567 -0.050788937029262016 -0.12239705600670997 -0.42982879468482094 0.40288070848817703 0.09209561669947461 0.08007221134616166 0.042916636322464174 0.01281046868919826
0.4545498849057532 0.3354117185144225 0.28111792323452056 0.2061697753979158 -0.18637335622267479 0.25885886940251335 0.21850765845252146 0.16160954067673863 -0.10631291617069089 -0.23711389958325257 0.12137325672645849 0.09099004445995595 -0.08127311973384882 -0.18376802979127893 -0.3712420475145342 0.06927792549650741 -0.032115133552256106 -0.07462364409794814 -0.15260743332457788 -0.4460863984768719 0.22422820555314346 0.17576669283126192 0.09896242835340077 0.07534829965762103 0.029539690294976398
0.6976887724044628 0.4843792620561804 0.42092128301282977 0.3161324764177594 -0.2753637192059794 0.17683051313844644 0.15705093538406398 0.12120344624261509 -0.12331734413258798 -0.2525675458089026 0.06871103585051509 0.05353961440247504 -0.09334496529163841 -0.1930465295367989 -0.38366654634514485 0.04041822509373906 -0.031644977430963415 -0.06677864804870043 -0.1335386409242663 -0.43337605209603175 0.3590354392526686 0.1376573654939364 0.06080865190934371 0.045905896221801745 0.015477353680687818
0.46718377512575326 0.3531345414183491 0.2974733191289462 0.2020271427128889 -0.1925807161928557 0.25101083561198273 0.2133973936926678 0.14620939053825496 -0.09940022257544921 -0.2440220388888993 0.10592628436709105 0.07342231817431166 -0.08149797526455278 -0.20175044366199057 -0.42281421713014994 0.05988721359959457 -0.015647772918109565 -0.0399512956068153 -0.08489876394518545 -0.39164965520911554 0.2542130443573069 0.18397985487651727 0.09239151512211902 0.07535980667645899 0.01419913101113827
0.7662901218032555 0.5651174037577388 0.49127119837820044 0.3697182794389747 -0.2764157771555895 0.14463146741880614 0.12928888025217755 0.1007417106304856 -0.14695327704759645 -0.3043564630115408 0.06732427158732335 0.05279190499764705 -0.07506941528744655 -0.15803168366397052 -0.3793496751143964 0.026755597579947415 -0.027590607180040336 -0.05871297348974554 -0.14167244206252508 -0.4299822209499989 0.42502740979386655 0.11581797688856152 0.06069286885522385 0.030760046358543954 0.011246867791349485
0.6802957169607002 0.46753507470752226 0.3983601985517591 0.30121551479657316 -0.2677544648195747 0.1920992133064338 0.16722961764230018 0.129150056095535 -0.12465149197841059 -0.26320853939267536 0.07512403020444867 0.058530842743052855 -0.08452418834002992 -0.18093178950364275 -0.37990301992849773 0.039395924602768174 -0.026943720884702514 -0.05882193202146297 -0.12429595147914707 -0.4223490565411678 0.35138493489636213 0.1506650206646302 0.06828220757683354 0.045959512390273634 0.014497024380321516
0.7923562581014206 0.5745252810702537 0.48263153936101416 0.3415176908465698 -0.30339095028579993 0.15717581985335918 0.13658929284512136 0.09946877237036007 -0.08946248886034087 -0.20085566512119807 0.0389010413618584 0.028572834040078262 -0.1231049141570661 -0.2740564075755796 -0.4170957520101816 0.039478118722706824 -0.024762041285738355 -0.05651045760127915 -0.08658608175879147 -0.395504515236219 0.42744649814505686 0.12450191959377228 0.03576421364996354 0.049414098504766205 0.009822329023080643
0.7573849500210736 0.5579296469108473 0.48439512811695223 0.3651971537495714 -0.27470305022169095 0.14735307589908356 0.13151068384859663 0.10257067096035824 -0.14649199994478798 -0.3037275585641714 0.06867872603006178 0.053910103422911915 -0.0748965237218589 -0.15789367507319016 -0.37906219379340295 0.02734244540048429 -0.02752239146131347 -0.05866693627231235 -0.14159522102805677 -0.43058757867656106 0.41914390081429537 0.11772788352444075 0.061877118322110056 0.031383352119050856 0.01147195310096271
0.7287180416907275 0.540336620378736 0.47567534090969976 0.3593483022946009 -0.2920853581738833 0.15810345642168527 0.14241320286477097 0.1108005453309943 -0.1303873161477144 -0.3059481223379662 0.061923296236164695 0.048540972234971794 -0.06429660837382864 -0.15343641476395423 -0.378160157672562 0.02375581888999754 -0.022861115670740017 -0.05513831483611979 -0.13647653892695993 -0.4223196538151348 0.42120181180781546 0.12987735549131915 0.0568989490469485 0.027846297953058506 0.009854330204430096
0.75365224433813 0.5264170823680167 0.4602959341934757 0.3454795334052109 -0.2855143892413485 0.1605389716953788 0.14381466146975957 0.11130619881822013 -0.12445827744656378 -0.2561563732934112 0.06101293352570621 0.04762501879700398 -0.09286066783135288 -0.19279508597121658 -0.3851833478291476 0.03540588496351535 -0.030737582029177635 -0.06492454875439553 -0.1303823182248579 -0.4289453654133848 0.3972646690683868 0.12799555953007957 0.05476657586917059 0.04071522305379629 0.013382297751028328
0.7662562449223149 0.5648987643138691 0.49075963269769113 0.36991395286714024 -0.27651521636656406 0.14452735118069088 0.12912290955807046 0.10074364391803209 -0.14701105609802073 -0.3045381906209062 0.06724368911853329 0.0527946408839919 -0.07496329750051624 -0.15784557167623517 -0.3792316232718464 0.026708235754403866 -0.02747667558933907 -0.0584842618302731 -0.1412429520636578 -0.43001111613510157 0.4252455240563387 0.11581834344004033 0.060695041573143205 0.030705104240248336 0.01119625358473614
0.6996439633863244 0.5193638123689385 0.45763512444330756 0.3467406319925972 -0.28768044383560615 0.1689896221183011 0.15207274007080218 0.11834528399746845 -0.1257733535832768 -0.3041773940773592 0.06448974689275967 0.05059365372364445 -0.0617565022660458 -0.1520038799276583 -0.37724576686365646 0.024626406034661256 -0.021854054270497233 -0.05438531572232079 -0.1355565414620802 -0.42187798004447224 0.4067218094045852 0.13882227284065948 0.059348374354864744 0.028887873794418588 0.010167655844299
0.9353047981905076 0.7114901274308933 0.5957930628479758 0.42322804029179306 -0.3492476770815703 0.11393524429636165 0.09970355066472117 0.07361657244731405 -0.10538785158064402 -0.26169977302811703 0.029399507106376378 0.021834701376729472 -0.08842108050613155 -0.22019998280199687 -0.39219475235407036 0.01829769952254644 -0.02546637671552971 -0.06410206755137904 -0.11458940440735663 -0.38956175121100844 0.5394963761610826 0.09384640164561588 0.02783514104042966 0.023326143535268837 0.0066887651581928375
0.7573833822974503 0.5579310381034029 0.4843986339066042 0.3652009027066056 -0.2747003193072875 0.1473551695968012 0.13151310391984405 0.10257316761578886 -0.1464903884471557 -0.3037222403957703 0.06867986953089797 0.05391135865038374 -0.07489684344042047 -0.1578932752406723 -0.3790508217503365 0.027343503565126284 -0.027526725741457304 -0.05867572723990369 -0.1416124899416483 -0.43059652484125877 0.41913867108390845 0.1177280715049563 0.06187715171308359 0.03138385286916331 0.01147389840083235
0.7353170064624327 0.5770987460853597 0.507258556355002 0.34387692034962525 -0.28655322636709996 0.15041465709393756 0.13566587703492222 0.09530229293850799 -0.1305601115661969 -0.3149728856767985 0.060271945072074465 0.04266709723412768 -0.06870231999418465 -0.1680066745479551 -0.41615481955713174 0.02229824749277271 -0.01767520555856308 -0.04371140928272313 -0.10890320018074215 -0.38821468269896336 0.4396094387196074 0.12183892301240344 0.05454811704263516 0.028507486791703257 0.007293024379324914
0.7574133835638004 0.5581429486473308 0.4848976400345847 0.365000269957598 -0.2746018886284366 0.1474598625824233 0.1316805269056335 0.10256817877593762 -0.14643301166785203 -0.3035438618077325 0.06876131527403342 0.05390698539077427 -0.07500281470305172 -0.15808047288438073 -0.37917982117030913 0.027391141003576442 -0.02763704735877311 -0.058897521672235005 -0.1420278657024384 -0.43055784842413003 0.4189247884782271 0.11772694477943099 0.06187454945477646 0.031439757259508254 0.011524087438144526
0.7637296870476571 0.6260600052198513 0.5620501825528715 0.3814971970410577 -0.2614029932136497 0.14565000868970907 0.13433277406890387 0.09641147005660729 -0.1340086554064265 -0.2957724111893039 0.06693883120054178 0.04851009088143882 -0.07816698932885927 -0.1743138159922273 -0.3888369106623177 0.02806797606764656 -0.034022175349410454 -0.07649065393836209 -0.17149259327860655 -0.4291910824304309 0.43817718738577033 0.1107411735888474 0.0557206536565598 0.032240130398320486 0.013943785169649206
0.7327170730832205 0.5587533756875179 0.4582066236823409 0.34667631244377106 -0.2853548937401914 0.16714887990421343 0.14185263677792187 0.11035961144732558 -0.13409719643931023 -0.3094167917459908 0.06501635501407069 0.050944101486943734 -0.07143828152758448 -0.1675400031573547 -0.3756094725898721 0.02694229398793839 -0.025211116145720514 -0.05984335548452612 -0.13505346326367326 -0.4213253010662553 0.4067971893484139 0.12950302416747886 0.05978161870537886 0.0316162208333956 0.011098078609472869
0.7574133835638004 0.5581429486473308 0.4848976400345847 0.365000269957598 -0.2746018886284366 0.1474598625824233 0.1316805269056335 0.10256817877593762 -0.14643301166785203 -0.3035438618077325 0.06876131527403342 0.05390698539077427 -0.07500281470305172 -0.15808047288438073 -0.37917982117030913 0.027391141003576442 -0.02763704735877311 -0.058897521672235005 -0.1420278657024384 -0.43055784842413003 0.4189247884782271 0.11772694477943099 0.06187454945477646 0.031439757259508254 0.011524087438144526
0.7574133835638004 0.5581429486473308 0.4848976400345847 0.365000269957598 -0.2746018886284366 0.1474598625824233 0.1316805269056335 0.10256817877593762 -0.14643301166785203 -0.3035438618077325 0.06876131527403342 0.05390698539077427 -0.07500281470305172 -0.15808047288438073 -0.37917982117030913 0.027391141003576442 -0.02763704735877311 -0.058897521672235005 -0.1420278657024384 -0.43055784842413003 0.4189247884782271 0.11772694477943099 0.06187454945477646 0.031439757259508254 0.011524087438144526
0.8228382913851269 0.5988676648412556 0.5120589571349062 0.3369173366634166 -0.3191601312247235 0.1432244251289903 0.12663176981450805 0.08582076466430441 -0.08629499624496728 -0.20115401155512827 0.03319759346216299 0.02266980431298323 -0.12123590954494667 -0.28034571548385834 -0.43060344304950965 0.03195929526972748 -0.020075369936502028 -0.04751478307598441 -0.07339184373565132 -0.3641301512631073 0.45925825513745405 0.11699030099290852 0.03090375501589698 0.04356721433593572 0.0071425805232318415
0.840217049400176 0.6325644107571818 0.5257157848938596 0.37800831424236914 -0.328784765773622 0.14553016281326125 0.1257546623531744 0.093565542410945 -0.10551730177137345 -0.25828677036774544 0.03918259502282909 0.029383606832619116 -0.08957827732663717 -0.22005869768625233 -0.39078834400375606 0.02490687229781723 -0.026592154860095543 -0.06626165983034535 -0.11825888064499271 -0.39976894540117136 0.46840273106013375 0.11594696360259343 0.03641281630418703 0.030865176111635067 0.009107589131053329
0.958384824978278 0.7007853934138907 0.5940249843968682 0.41112808709457566 -0.3373108979050974 0.10662456477636426 0.09440313148989952 0.0677786464434637 -0.09310061953282416 -0.20563711546896596 0.025554432058399062 0.018446367551193856 -0.12796480495707555 -0.28104279655754405 -0.42427842264651106 0.025404757385422288 -0.024395530130934876 -0.05449268396349761 -0.08263650248530029 -0.3822464395831308 0.5343404797398795 0.0880966642442884 0.023976242097991565 0.0330205870010901 0.006258032808218284
0.5744331929070946 0.4355670248049192 0.36515134629864265 0.24626168374336535 -0.21440255345976827 0.19969616325263614 0.17094651214787387 0.11764772000537624 -0.11695776592042702 -0.2500548599708269 0.09076199157344589 0.0630115076697021 -0.09902146900235394 -0.21299627584386663 -0.42794487236306594 0.05317044257558198 -0.019158524459549804 -0.042344412848642106 -0.08621912366101282 -0.3921717757149155 0.3099097975704112 0.148060046528957 0.07930142550021618 0.06691640721501435 0.012757716774642986
0.7652769712123649 0.5884634778086313 0.505108082802935 0.3253808553867446 -0.27203960312126 0.1359498897649687 0.12058106009177409 0.08020248057432326 -0.12766749849879871 -0.2736199750018969 0.05539340955315943 0.03705610322690719 -0.09951260440012305 -0.21446637248320405 -0.4411044477523753 0.028797065921159076 -0.01623941186506699 -0.0355797756993749 -0.07373300856330119 -0.3630445624027466 0.44520517113850006 0.10974358340923134 0.05070550993605304 0.03940437350602315 0.006373668982613125
0.5116259829356921 0.36505309623785426 0.2999413565756065 0.21836479345887821 -0.23058691864026692 0.2597558593293741 0.21562820971455893 0.158371274520075 -0.07877418678358158 -0.18928110441402163 0.07089162088858028 0.05288990528285999 -0.10850089297631291 -0.25660173616574516 -0.39855185944004784 0.07317015320692859 -0.02460060633444159 -0.06087384305455268 -0.0957446261495314 -0.41691274960172414 0.2567932353228666 0.1862448483911889 0.06220034211509125 0.08605014706270224 0.019270648317005534
0.7583754391028448 0.5571372737359648 0.48238074565048467 0.3620151052693247 -0.27637963391837933 0.14608459040460536 0.13006255579710824 0.10080068079663619 -0.147481999323965 -0.3070234732400836 0.06799481248262824 0.05301426672334074 -0.07478189794688136 -0.15831813861417027 -0.3867019874008101 0.026664583335426827 -0.02480734355843647 -0.05313164132777352 -0.13050423358260133 -0.4241152189149674 0.42234789658947847 0.1176055339618242 0.06185300862115146 0.03111035416442693 0.010263370748432922
0.7573849500210736 0.5579296469108473 0.48439512811695223 0.3651971537495714 -0.27470305022169095 0.14735307589908356 0.13151068384859663 0.10257067096035824 -0.14649199994478798 -0.3037275585641714 0.06867872603006178 0.053910103422911915 -0.0748965237218589 -0.15789367507319016 -0.37906219379340295 0.02734244540048429 -0.02752239146131347 -0.05866693627231235 -0.14159522102805677 -0.43058757867656106 0.41914390081429537 0.11772788352444075 0.061877118322110056 0.031383352119050856 0.01147195310096271
0.6702000926204325 0.4558023316032743 0.35884444743732874 0.2739946934519156 -0.2508596743100716 0.19619503298261223 0.15882723518713504 0.12346104422210286 -0.1515220431650581 -0.285844174981 0.0940476589449772 0.07354616374187943 -0.0911606939708864 -0.17577120756346162 -0.37623697747745544 0.043881072275963266 -0.028420070961497054 -0.05607026275657104 -0.12138676930531081 -0.42226712129567506 0.3192690960327419 0.14386504221015678 0.08570158836042802 0.05113381163356084 0.01580528673191562
0.7574133835638004 0.5581429486473308 0.4848976400345847 0.365000269957598 -0.2746018886284366 0.1474598625824233 0.1316805269056335 0.10256817877593762 -0.14643301166785203 -0.3035438618077325 0.06876131527403342 0.05390698539077427 -0.07500281470305172 -0.15808047288438073 -0.37917982117030913 0.027391141003576442 -0.02763704735877311 -0.058897521672235005 -0.1420278657024384 -0.43055784842413003 0.4189247884782271 0.11772694477943099 0.06187454945477646 0.031439757259508254 0.011524087438144526
0.7201011010323355 0.5623046139866478 0.4872105481803495 0.3239016158215986 -0.2786574388951371 0.15105293334561284 0.13414700765472645 0.09170826627021446 -0.14552088230446944 -0.3562288097832856 0.06803510043035689 0.04676791958226833 -0.05047936950080554 -0.12601657038693453 -0.40576000083887787 0.01595585605818676 -0.01242003215393095 -0.03124870310322389 -0.10116634440855807 -0.3607581253255891 0.4464413991231299 0.12640978363036565 0.06446504545340315 0.021993741675623898 0.005375915473755116
0.35653393935555533 0.2649374021290701 0.2227295784875585 0.17048579668075653 -0.15568368419303946 0.2848994737019253 0.2390583214551599 0.18262377963817428 -0.11142570192268172 -0.2790367682384217 0.1678074720055662 0.12931257313225805 -0.04952532432176356 -0.12942601491495273 -0.36173562140922993 0.05663037289197087 -0.02042878655755557 -0.05449060178714222 -0.15423257605005042 -0.445442385756375 0.1864799137266557 0.1997559736514448 0.14144558098375723 0.06194503164973561 0.025376645899427334
0.7296368533376005 0.48147224779767633 0.45631381674914423 0.3430486631343436 -0.288661696704959 0.15771059364964177 0.15052744411530564 0.11674705947278202 -0.16165116239286545 -0.3298985594483211 0.08224294182827195 0.06425843058148081 -0.04710977432026824 -0.09941075533409624 -0.3348180522627055 0.018441791734873193 -0.026067282473331697 -0.05534821846595649 -0.18674153965139373 -0.42531654761013077 0.39846583099263894 0.13561210211676378 0.07464257063071057 0.021422150068943557 0.011820506256936564
0.41900024311592227 0.2854785063191657 0.2191329772148818 0.17916348552856629 -0.1897465101938124 0.28992800623107184 0.2224260270703862 0.18180319763057123 -0.12186639788231221 -0.27535386112086574 0.1401540545939776 0.11539808987737024 -0.05926191794541264 -0.13995726163174171 -0.32801095969766064 0.055517184660505446 -0.026247591106046634 -0.06348947954268462 -0.150561250734924 -0.4402552199615644 0.19795345482864482 0.2008698966243623 0.12750232585177576 0.06134122795076708 0.02701656492856216
0.6864790035160672 0.4597230602634286 0.4026637674559611 0.30596176191273333 -0.2609077721442416 0.17373879038703713 0.15505222135266533 0.12054714977786597 -0.15709862073918576 -0.3031756958374727 0.09135630184410547 0.07146463182700537 -0.06975979760084614 -0.13846962981692582 -0.3740641226431788 0.03132738693414477 -0.024978758734169937 -0.050308071692097105 -0.13666367207205082 -0.4248819976713753 0.35535159409306455 0.14001074772728692 0.08300401758015526 0.036386057914366735 0.012943706874377027
0.7734500478221331 0.5953486434602697 0.5114213127804008 0.32871264552063006 -0.2736717003879976 0.13333128231585617 0.11839987576876736 0.07860898092796355 -0.12800107456632961 -0.2742080545919792 0.05422256768443937 0.03620218722222176 -0.09960604260698872 -0.21454704233839864 -0.4414444415716478 0.028087222348162716 -0.016156667179189343 -0.035364367795081106 -0.07330195536219405 -0.36183534019903907 0.4513455596843091 0.1079414639967439 0.04971127606774332 0.03856822500892065 0.00620162265618548
0.7573833822974503 0.5579310381034029 0.4843986339066042 0.3652009027066056 -0.2747003193072875 0.1473551695968012 0.13151310391984405 0.10257316761578886 -0.1464903884471557 -0.3037222403957703 0.06867986953089797 0.05391135865038374 -0.07489684344042047 -0.1578932752406723 -0.3790508217503365 0.027343503565126284 -0.027526725741457304 -0.05867572723990369 -0.1416124899416483 -0.43059652484125877 0.41913867108390845 0.1177280715049563 0.06187715171308359 0.03138385286916331 0.01147389840083235
0.7531949465537433 0.5261923117431591 0.4601492364562605 0.3453833690080914 -0.28533111320128196 0.16073565285574543 0.14399990286156433 0.11144830077170187 -0.12433159622360573 -0.2561020859539383 0.061053501881144466 0.047656567578112916 -0.0927504013903465 -0.19272103415771955 -0.38514806443309246 0.03542173361121926 -0.030691561857636822 -0.0648784836597732 -0.13032668303023684 -0.42888366112065546 0.3972102411882827 0.1281770775714598 0.05481059978253798 0.040739204439147005 0.01338490666034846
0.8021168391451818 0.6100204444291515 0.5365404543397816 0.40134278884044877 -0.29970655922655987 0.14011188745295 0.1268118162934527 0.09876769084855765 -0.1161774185136113 -0.2654621504750878 0.04784035274189845 0.03757379394744044 -0.08394259929808881 -0.19310414467930317 -0.38045280391539643 0.02706007700071198 -0.031339884358112885 -0.07289469761379218 -0.14418798598544694 -0.4329351613183327 0.45812537862723474 0.11274782074253456 0.04289268510775075 0.030890722042931036 0.01147208638164397
0.8327507360936118 0.5381405665422457 0.5034082437605403 0.3830730292344543 -0.33396427744652113 0.13603916970032068 0.12820994605666922 0.10074620801867636 -0.14738192828036617 -0.3207369041391508 0.05504693916443174 0.04354327287521032 -0.04706598356859866 -0.1050248584402805 -0.3142064207677108 0.013752894855445221 -0.02784892153265204 -0.06244360344025272 -0.18697806285283752 -0.40942221840696 0.4631637258457229 0.12181566270274653 0.0526501776508432 0.016629345595601287 0.009818954758126618
0.9989965753007968 0.7816177085552273 0.7153667548319889 0.5431924697753298 -0.2976429121725771 0.07519951721667839 0.07074813146193525 0.056965580636238286 -0.12680589442378273 -0.25704418812862734 0.029564135671019835 0.023902881692701175 -0.09225415389983743 -0.18758400871121841 -0.3607128448897369 0.01733695357872462 -0.041901777785674714 -0.0855838957015747 -0.1648350301269107 -0.43890418654793567 0.61324222683507 0.0643162813528257 0.026987378856559132 0.019574182652317237 0.008851329825339637
0.6702354214086425 0.4557708646322726 0.3587733257919944 0.273941956043414 -0.2509886038822584 0.196086184710476 0.15872198816370123 0.1233818780018571 -0.15164285471192082 -0.2858907846795119 0.09402846438821474 0.07353246364395827 -0.09125346329806862 -0.1758420476755668 -0.3762573833425098 0.04388690456791381 -0.02845624447643101 -0.05610909294665054 -0.12143071158519056 -0.42233059598612627 0.31915794425043337 0.14375041116687656 0.08567228492113906 0.05113264669204946 0.01581049812688454
0.6267297945595632 0.47003104775778853 0.42389819652984156 0.32116287438001495 -0.2524931742562492 0.20393210774326423 0.18670976484248702 0.14541853103220673 -0.09752192805417428 -0.23425855939142728 0.06861123934325156 0.05422527927709091 -0.07553531347237366 -0.18275326940652833 -0.35326341415659523 0.041795149209924234 -0.036611272063129044 -0.08971427881410518 -0.17404546751349376 -0.45053981479655447 0.34859417404624465 0.15784480898887723 0.05886003653241016 0.04536759159990711 0.02180108373779436
0.7574133835638004 0.5581429486473308 0.4848976400345847 0.365000269957598 -0.2746018886284366 0.1474598625824233 0.1316805269056335 0.10256817877593762 -0.14643301166785203 -0.3035438618077325 0.06876131527403342 0.05390698539077427 -0.07500281470305172 -0.15808047288438073 -0.37917982117030913 0.027391141003576442 -0.02763704735877311 -0.058897521672235005 -0.1420278657024384 -0.43055784842413003 0.4189247884782271 0.11772694477943099 0.06187454945477646 0.031439757259508254 0.011524087438144526
0.48914461942928217 0.3843016024525794 0.2912143595146263 0.21628404984080474 -0.17946191613975693 0.2557467082026699 0.19683089778550192 0.14798811501935522 -0.12064088640092578 -0.26463333659107663 0.12939940868940078 0.09817234951987437 -0.0833433787545501 -0.18596793093867162 -0.3588603470288106 0.06725935610384734 -0.03499112724024889 -0.07983974930286389 -0.15667878970805016 -0.44436359331286324 0.23591360201293887 0.16142163225328646 0.10708502801153845 0.0733660563954796 0.03047516353805386
0.8060197090694069 0.5874212718008239 0.502580288128387 0.33099070454580226 -0.31500418460049984 0.1489208358229653 0.1315906864319203 0.08917047427028307 -0.08508264634328142 -0.2002711546080258 0.034329909595392456 0.02344750583245565 -0.1195908568987296 -0.27920329256355747 -0.4297567644048945 0.033088891029051264 -0.019791820810372902 -0.047316234433767417 -0.07324543967687656 -0.3642182598518621 0.4509646441383633 0.1214984641354675 0.03194865791917959 0.04508553849214158 0.00737644790890997
0.5338004749601202 0.38578739237518933 0.3246504983152927 0.23443178921991495 -0.25846377283557304 0.25267224917707753 0.21512848117543457 0.15689728834229832 -0.07123288173316074 -0.19077246605932638 0.05693797950621261 0.04214911061383835 -0.09859414789651691 -0.26038290793267804 -0.40535826223763805 0.05855509414907767 -0.020361356154247473 -0.055987445617084936 -0.08796812658598711 -0.4032343781208253 0.28639970791484104 0.19168090991405998 0.05149472302031827 0.0715381061111606 0.01461915140503244
0.8695754386200035 0.6131584041652333 0.5262679146607521 0.36580321733883814 -0.2679029989994754 0.11831542882111588 0.1051590343587734 0.07599519629894017 -0.1655758623189358 -0.2904094047950797 0.06396797744516511 0.04641565719137286 -0.10543041503288617 -0.18696777775414053 -0.4168871160094719 0.02935213816833082 -0.025193722619058473 -0.04533982270244711 -0.10179677485901704 -0.3972296428490532 0.45638846878886463 0.09481903570751425 0.05791301406641538 0.03662289885762679 0.008671995818036354
0.5129567479665083 0.3724947251793495 0.3280644279225636 0.24527001406298854 -0.20813970780241753 0.23518008285418676 0.2091650655891036 0.15862307189617023 -0.11544064249223125 -0.2618660630451813 0.11195620348214891 0.08593862009772148 -0.06871713144506099 -0.15915753024808119 -0.3741844607198056 0.05056520600991353 -0.026865602807383256 -0.06340297904846372 -0.1501876040664195 -0.44285165429361034 0.2708957004017608 0.1751992416753296 0.09492074296249652 0.055850605460873434 0.021611978568608057
1.0471579460207965 0.8360733180053604 0.7357912978796403 0.5506701221419078 -0.2598113652730445 0.055646894217776154 0.050934266472650674 0.040482351559798034 -0.20612831228850795 -0.3557155343749184 0.04027518447336599 0.03204340880893066 -0.07292375932367072 -0.12691837220059515 -0.3601322840961547 0.01127152396445059 -0.0330990414968102 -0.057752772775024795 -0.16426696034959876 -0.4271680761783409 0.6406251708050291 0.04709935430532402 0.03728108467597016 0.013113963283833222 0.005942098456249123
0.5484525033171319 0.3807562080421668 0.3072087453433268 0.255641522432321 -0.2613453876529392 0.24668238395506492 0.2017155136362241 0.16923174617174666 -0.11801296770355073 -0.28877207921343095 0.08864326621891752 0.07503872987592236 -0.05065117327882628 -0.12832149488986622 -0.2921736953772333 0.031935697736640165 -0.03286126418215519 -0.08403112114198644 -0.19200993046636525 -0.43918959915266664 0.2843064693379901 0.1882108757823329 0.083455807992603 0.035518225376706854 0.022992342808175487
0.7531949465537433 0.5261923117431591 0.4601492364562605 0.3453833690080914 -0.28533111320128196 0.16073565285574543 0.14399990286156433 0.11144830077170187 -0.12433159622360573 -0.2561020859539383 0.061053501881144466 0.047656567578112916 -0.0927504013903465 -0.19272103415771955 -0.38514806443309246 0.03542173361121926 -0.030691561857636822 -0.0648784836597732 -0.13032668303023684 -0.42888366112065546 0.3972102411882827 0.1281770775714598 0.05481059978253798 0.040739204439147005 0.01338490666034846
0.7573849500210736 0.5579296469108473 0.48439512811695223 0.3651971537495714 -0.27470305022169095 0.14735307589908356 0.13151068384859663 0.10257067096035824 -0.14649199994478798 -0.3037275585641714 0.06867872603006178 0.053910103422911915 -0.0748965237218589 -0.15789367507319016 -0.37906219379340295 0.02734244540048429 -0.02752239146131347 -0.05866693627231235 -0.14159522102805677 -0.43058757867656106 0.41914390081429537 0.11772788352444075 0.061877118322110056 0.031383352119050856 0.01147195310096271
0.7069825332000871 0.5480034781145398 0.4783452680370152 0.3014960733819604 -0.2878369456009995 0.1584146417444769 0.14186612244274927 0.09170569363416264 -0.10785888336295649 -0.27316902553464223 0.051538188507580754 0.03355361374900537 -0.08224428329164926 -0.20956252536112618 -0.4409715053679255 0.02549961721322709 -0.012366996066826707 -0.03203822831337868 -0.06782643819170166 -0.34753714410251685 0.43134840795648577 0.1312080676108007 0.048007428816818534 0.036484087313269485 0.0054364821512922195
0.75365224433813 0.5264170823680167 0.4602959341934757 0.3454795334052109 -0.2855143892413485 0.1605389716953788 0.14381466146975957 0.11130619881822013 -0.12445827744656378 -0.2561563732934112 0.06101293352570621 0.04762501879700398 -0.09286066783135288 -0.19279508597121658 -0.3851833478291476 0.03540588496351535 -0.030737582029177635 -0.06492454875439553 -0.1303823182248579 -0.4289453654133848 0.3972646690683868 0.12799555953007957 0.05476657586917059 0.04071522305379629 0.013382297751028328
0.8498220708531466 0.6704504466316182 0.5455263056129315 0.3879373562745761 -0.19622624317376325 0.09314820783073348 0.0798320462084109 0.059676941665742535 -0.20408016220352004 -0.3112538947372893 0.08312196436081808 0.062112663840891265 -0.11788570045372777 -0.1817520144387478 -0.41371173287159263 0.03558226829239343 -0.03282027836276027 -0.05114328481511173 -0.11778522161744305 -0.4237160903819883 0.4524360375925555 0.06960490755660859 0.07244579427380525 0.041502064512266915 0.011461020900407494
0.7751971955811273 0.6052483945370656 0.5431115448587429 0.40693602199337053 -0.326637153545038 0.14691126811596575 0.1349539030127281 0.10483248800460285 -0.08760703931755519 -0.24480708827629105 0.03499108151954303 0.027439463107522467 -0.07427983638043698 -0.20818164567536013 -0.3829110348356378 0.02323402360131071 -0.025661372568366148 -0.07270339972680293 -0.13408930797265173 -0.42280971472577217 0.47666012657338136 0.12280054648939276 0.03214293868090751 0.0272166519036213 0.00935673006514655
0.4863088109103384 0.3534148127149372 0.30129272372841626 0.2276348266859824 -0.20821703887595885 0.24447470358789009 0.210355554286761 0.1606369974252597 -0.12062578687084302 -0.2737048080593612 0.11889816243536673 0.09180940931356374 -0.06664239478806541 -0.15539726506704327 -0.3700061755227987 0.05030505255931196 -0.026287421594692825 -0.06258014646595046 -0.15044041030571137 -0.44250342558519956 0.25156553350839245 0.17752725323340812 0.10146444044581222 0.05559588268479053 0.02179624749715903
0.9489978581285148 0.7433270513206242 0.674833757092648 0.5131568044292066 -0.35851995854535734 0.08459326902723016 0.07856639183575519 0.062346581906482706 -0.11294128953974711 -0.31000318936210003 0.02435750693492707 0.019409515374350508 -0.05278039408828824 -0.14589768245758228 -0.34807128824424755 0.009044514531532037 -0.02363716239665937 -0.06556271619775317 -0.15658084720399754 -0.4097077513053505 0.6230749682930803 0.07570694170967802 0.023568984668891433 0.010982777821739013 0.0049116947221380085
0.7796570747098965 0.6031210975205756 0.5188542144806897 0.3470235720664328 -0.28445648064206663 0.13002777198074428 0.11526268819607424 0.0797159637919725 -0.16103580794705702 -0.35969982406495543 0.06413892462321263 0.044558206353406245 -0.057540485959874356 -0.13101510035548075 -0.40806865455339897 0.01575433040920756 -0.014529588209954526 -0.03334799660768878 -0.10447012973051736 -0.3682698517458862 0.4685606046743558 0.10764094568152667 0.06016767720023359 0.021273464980961457 0.005348479846160781
0.7428469348278173 0.5438684876669243 0.46486253066230393 0.35458482933815816 -0.27471324305452666 0.14854714260295787 0.13065941883267151 0.10204809860487564 -0.1453566470107714 -0.31222243836780084 0.06746616708210176 0.05293897893947194 -0.07037915060471518 -0.1538004080657492 -0.3939487910435327 0.02534460061128106 -0.018887812407566717 -0.04176733096487479 -0.1075930116348717 -0.4123787703011305 0.4263767208943044 0.12271517975806909 0.06366090784853988 0.030477890775420357 0.008116918159984537
0.7642450672136823 0.596296200502247 0.5167892553370631 0.3521198326515647 -0.26597771007619714 0.13890575540725356 0.12416341178251283 0.08813788421858239 -0.14810587848892645 -0.311980471706244 0.06782141812575328 0.048447904622144204 -0.08114456572117631 -0.1732085229935638 -0.4163969305346623 0.026351452622773268 -0.02212904760755573 -0.04779189661976147 -0.11572531559840413 -0.39984577371971325 0.43635870562192414 0.1092290611685088 0.06004183403851065 0.03265768447818219 0.008849654475958493
0.7690609179774869 0.5536888367359172 0.4692939154600267 0.3142953959477804 -0.3086752918244538 0.15997738915942455 0.13986134835845815 0.09627336646986037 -0.08798006485093451 -0.20069825974071498 0.038833540278387035 0.026969471799442153 -0.12361037838677483 -0.2792473724366815 -0.42818575646600515 0.0379968658337361 -0.021506907308568093 -0.04996707815354594 -0.07715505445958787 -0.37485644900120607 0.4155170679614253 0.12728571415419035 0.03565768533693481 0.05023742105746494 0.00867182214492497
0.6569739781687258 0.4836410057984565 0.42352094575244287 0.3194977179595777 -0.27965858465258875 0.1832376061446105 0.16359187688210772 0.12623577389946902 -0.12488675940626529 -0.3035832490246407 0.07097258948200391 0.0552304647361446 -0.06175020133306487 -0.1531209296737366 -0.3844691303499693 0.027084759503958878 -0.019986968062563188 -0.05022211549193604 -0.1267576728965426 -0.4189224035010158 0.3773582124039167 0.14910174605849416 0.06523553236899488 0.0319913502361942 0.01029895847959074
0.7993133429652424 0.5782928488433661 0.4850595746331691 0.3434163543516668 -0.30552398714714857 0.1545943540677013 0.1342378741922695 0.09786781062317114 -0.09065982077179165 -0.201555523874951 0.03859929805921151 0.02838036502073802 -0.12469797469289583 -0.2748781881954629 -0.4175291652269513 0.0391769022058237 -0.02520879431156012 -0.05697402830135809 -0.0871336840257892 -0.3964336391006768 0.4288299810445333 0.1222152122191894 0.035441278255672816 0.04892384249981901 0.00978700790159312
0.7943472947465088 0.5841375210347163 0.5039021436532838 0.368543354769322 -0.29514652118339774 0.13311440160783214 0.11833369271649052 0.08896495410405211 -0.14406701410881678 -0.31515690343998687 0.05660901349825982 0.0427569091641283 -0.07246736045082054 -0.16088890430645114 -0.4052264188953661 0.021351399578904664 -0.017535519469756514 -0.03937715620310771 -0.0996857504965958 -0.3968404251939895 0.46129705758723666 0.11136094244880708 0.05352095466491858 0.02672671414010701 0.0064315518634342865
0.7574133835638004 0.5581429486473308 0.4848976400345847 0.365000269957598 -0.2746018886284366 0.1474598625824233 0.1316805269056335 0.10256817877593762 -0.14643301166785203 -0.3035438618077325 0.06876131527403342 0.05390698539077427 -0.07500281470305172 -0.15808047288438073 -0.37917982117030913 0.027391141003576442 -0.02763704735877311 -0.058897521672235005 -0.1420278657024384 -0.43055784842413003 0.4189247884782271 0.11772694477943099 0.06187454945477646 0.031439757259508254 0.011524087438144526
0.7574133835638004 0.5581429486473308 0.4848976400345847 0.365000269957598 -0.2746018886284366 0.1474598625824233 0.1316805269056335 0.10256817877593762 -0.14643301166785203 -0.3035438618077325 0.06876131527403342 0.05390698539077427 -0.07500281470305172 -0.15808047288438073 -0.37917982117030913 0.027391141003576442 -0.02763704735877311 -0.058897521672235005 -0.1420278657024384 -0.43055784842413003 0.4189247884782271 0.11772694477943099 0.06187454945477646 0.031439757259508254 0.011524087438144526
0.8895891391223326 0.7434902831534438 0.5896138221154595 0.39478693829492134 -0.24375893144141592 0.092126437690146 0.07774725111381492 0.05414412565586459 -0.15660049689607988 -0.291049227798567 0.0494673201351502 0.03452934773041283 -0.12245811663838226 -0.2284001463996457 -0.44123367774984007 0.026923864924058086 -0.01954447237350005 -0.03684248464535991 -0.0718803376726826 -0.37550576887951637 0.5226190947044326 0.07168144441677528 0.04571362615891826 0.03564473872020631 0.005640290619974759
0.7993133429652424 0.5782928488433661 0.4850595746331691 0.3434163543516668 -0.30552398714714857 0.1545943540677013 0.1342378741922695 0.09786781062317114 -0.09065982077179165 -0.201555523874951 0.03859929805921151 0.02838036502073802 -0.12469797469289583 -0.2748781881954629 -0.4175291652269513 0.0391769022058237 -0.02520879431156012 -0.05697402830135809 -0.0871336840257892 -0.3964336391006768 0.4288299810445333 0.1222152122191894 0.035441278255672816 0.04892384249981901 0.00978700790159312
0.7711084391386601 0.5952059732584527 0.5259867784667105 0.39905413191278033 -0.27708510395603675 0.1323562378806795 0.12005388396654627 0.09469017414170555 -0.15601899037746778 -0.3396418086579243 0.06637380919839883 0.05263913968353203 -0.05628275072397323 -0.12486867023001415 -0.3578217322425008 0.01879224896395374 -0.02589355664465302 -0.0577807897889979 -0.16618392147322922 -0.43224710293814905 0.45697834193571024 0.10844087027507608 0.06028374380087205 0.021521517455768573 0.009870060183999168
0.43167142995714824 0.29512494019207786 0.22993827929202493 0.1771418251115028 -0.18577105587035558 0.28382276090500874 0.22142856044537954 0.1707363349591488 -0.11832107832639072 -0.25868497048496764 0.13794662454192325 0.10730238986454352 -0.07409006983357239 -0.16684165407027965 -0.364573116290028 0.06661086770082889 -0.024085727931740474 -0.056122364420736814 -0.12461757200137591 -0.43108804729289574 0.20044889256707762 0.19320085796724304 0.12142215490155897 0.07537670091462051 0.024267576247612714
0.7883422117021571 0.6150356438055076 0.5136240116377059 0.3493451809942033 -0.2162036785785711 0.12028113247682364 0.10470082712873466 0.07490463749577893 -0.1817219984438444 -0.30358993840078013 0.08754610286960553 0.06277569104237063 -0.10950591649274051 -0.18525436637688864 -0.414482351462623 0.03760028419382699 -0.03405390047934989 -0.058372708235247324 -0.13210724523830514 -0.42060265295937654 0.4095526699488178 0.08782017418706725 0.07360010627576226 0.04408398767734335 0.013623278550256405
0.4167454383997375 0.27961883637009066 0.24155836046494397 0.18474552623487986 -0.19018913084596706 0.27033954292047546 0.23371910280228578 0.17890663796632048 -0.12039654339464857 -0.2700976097335071 0.14470796173734116 0.11189591213731692 -0.0575587054577435 -0.13475844270063725 -0.36542470406991506 0.0529232338725002 -0.02188397316635119 -0.052524190847101554 -0.14373763532144465 -0.43694331452519924 0.20664925353399066 0.20011835038218112 0.12516444701698365 0.05919958826361796 0.0223723038849894
0.7658208856950487 0.6378052868485933 0.5048451795722918 0.34752395889976945 -0.312248519277491 0.17539040991277347 0.14522483459410893 0.10334861610633356 -0.08082737092605481 -0.22569600993326824 0.03607741213300899 0.02595238210404547 -0.10027329146715196 -0.27868201771307954 -0.4124296207904057 0.03227726466455654 -0.024088441991941857 -0.06819348594603951 -0.10172270741625135 -0.39153571279294935 0.43942552111169036 0.13068486441146954 0.0328174040642853 0.04081531947142473 0.009709199285685016
0.7573833822974503 0.5579310381034029 0.4843986339066042 0.3652009027066056 -0.2747003193072875 0.1473551695968012 0.13151310391984405 0.10257316761578886 -0.1464903884471557 -0.3037222403957703 0.06867986953089797 0.05391135865038374 -0.07489684344042047 -0.1578932752406723 -0.3790508217503365 0.027343503565126284 -0.027526725741457304 -0.05867572723990369 -0.1416124899416483 -0.43059652484125877 0.41913867108390845 0.1177280715049563 0.06187715171308359 0.03138385286916331 0.01147389840083235
0.7514621584060807 0.5547222311138167 0.48220646564115266 0.3637438492469044 -0.2727277481509523 0.14948406902112832 0.1334999685958677 0.10411248003708215 -0.14490496994441499 -0.30308013654733207 0.06931598080486545 0.054409990189139903 -0.07385019058303685 -0.15704239342656665 -0.3786757982270914 0.027479416380404183 -0.027056146989146723 -0.05816727043934501 -0.14099559936031222 -0.4299080522254354 0.41812263539301947 0.11968252565586407 0.06254756646180498 0.03158939744995197 0.011504877431024334
0.7514621584060807 0.5547222311138167 0.48220646564115266 0.3637438492469044 -0.2727277481509523 0.14948406902112832 0.1334999685958677 0.10411248003708215 -0.14490496994441499 -0.30308013654733207 0.06931598080486545 0.054409990189139903 -0.07385019058303685 -0.15704239342656665 -0.3786757982270914 0.027479416380404183 -0.027056146989146723 -0.05816727043934501 -0.14099559936031222 -0.4299080522254354 0.41812263539301947 0.11968252565586407 0.06254756646180498 0.03158939744995197 0.011504877431024334
0.7993133429652424 0.5782928488433661 0.4850595746331691 0.3434163543516668 -0.30552398714714857 0.1545943540677013 0.1342378741922695 0.09786781062317114 -0.09065982077179165 -0.201555523874951 0.03859929805921151 0.02838036502073802 -0.12469797469289583 -0.2748781881954629 -0.4175291652269513 0.0391769022058237 -0.02520879431156012 -0.05697402830135809 -0.0871336840257892 -0.3964336391006768 0.4288299810445333 0.1222152122191894 0.035441278255672816 0.04892384249981901 0.00978700790159312
0.915768275960757 0.6751857008210513 0.6083758419993052 0.4727587003596141 -0.3195974141749334 0.09505687741335878 0.08757536791322068 0.07090393291759374 -0.1641754558754267 -0.35664348597761547 0.04442464802960178 0.03609863375653312 -0.04668948992994447 -0.10311550239713041 -0.3266046630422331 0.010197369809999794 -0.025945750938674777 -0.05747018495550203 -0.1822899223195796 -0.4231346616611271 0.554850089789829 0.08322112277096165 0.04236979464723256 0.01196893506965035 0.006643402104087366
0.8634376094443906 0.5752763988749949 0.544719770657699 0.4084753355206067 -0.31525939016256416 0.11796313559828535 0.11247701767179272 0.08772122713344555 -0.170081912253746 -0.3432447894942034 0.05946460306304719 0.04661582066975378 -0.04722945443243218 -0.09769985407386782 -0.3324423158009163 0.012782390425306028 -0.025543735422170626 -0.05307203596110664 -0.1808110467974345 -0.41458212258654203 0.4885111662872542 0.10491413126194346 0.055752618451966315 0.015287842143863663 0.008250087438932945
0.7269219396992312 0.5352568982768563 0.4675470927097467 0.35351461815986396 -0.2572300966342444 0.15629606109844585 0.1400081333301321 0.10966100668312892 -0.15175721959090596 -0.3046804305791758 0.08082359461000514 0.06373576006399588 -0.07063855507362146 -0.14468915259007764 -0.3584812646929467 0.029332181986576892 -0.03294264449352582 -0.06810903411983472 -0.16957614810893334 -0.4416127291656068 0.39412934186866644 0.12226473781046227 0.07106168099709052 0.03270387104414281 0.015172051673133027
0.7573849500210736 0.5579296469108473 0.48439512811695223 0.3651971537495714 -0.27470305022169095 0.14735307589908356 0.13151068384859663 0.10257067096035824 -0.14649199994478798 -0.3037275585641714 0.06867872603006178 0.053910103422911915 -0.0748965237218589 -0.15789367507319016 -0.37906219379340295 0.02734244540048429 -0.02752239146131347 -0.05866693627231235 -0.14159522102805677 -0.43058757867656106 0.41914390081429537 0.11772788352444075 0.061877118322110056 0.031383352119050856 0.01147195310096271
0.7910896154364232 0.6458276822184916 0.5781448503877675 0.39115175109149813 -0.2679997410596161 0.1370611137566614 0.1263114217820072 0.09067886564741182 -0.13835177346376393 -0.29823843858577 0.06374367121983586 0.04617936187952851 -0.08120633968908783 -0.17685923631760173 -0.39022724571670553 0.026944747932770324 -0.03556958878318939 -0.07810534673190317 -0.17320930302389698 -0.43039723873037805 0.4482243182049873 0.10391536672571773 0.05292064303012192 0.030878259915107766 0.013461524580279379
0.7573849500210736 0.5579296469108473 0.48439512811695223 0.3651971537495714 -0.27470305022169095 0.14735307589908356 0.13151068384859663 0.10257067096035824 -0.14649199994478798 -0.3037275585641714 0.06867872603006178 0.053910103422911915 -0.0748965237218589 -0.15789367507319016 -0.37906219379340295 0.02734244540048429 -0.02752239146131347 -0.05866693627231235 -0.14159522102805677 -0.43058757867656106 0.41914390081429537 0.11772788352444075 0.061877118322110056 0.031383352119050856 0.01147195310096271
0.7574133835638004 0.5581429486473308 0.4848976400345847 0.365000269957598 -0.2746018886284366 0.1474598625824233 0.1316805269056335 0.10256817877593762 -0.14643301166785203 -0.3035438618077325 0.06876131527403342 0.05390698539077427 -0.07500281470305172 -0.15808047288438073 -0.37917982117030913 0.027391141003576442 -0.02763704735877311 -0.058897521672235005 -0.1420278657024384 -0.43055784842413003 0.4189247884782271 0.11772694477943099 0.06187454945477646 0.031439757259508254 0.011524087438144526
0.6561630182681946 0.4824535151496723 0.4213359987754436 0.319608042642565 -0.27007076043300515 0.1839432657067345 0.1638824299886981 0.1274198496967307 -0.12892251299143956 -0.2982774641639786 0.07609101559284302 0.05968681463897877 -0.06536474215156378 -0.1542878745399687 -0.37680368798227754 0.030008648348792175 -0.02385160466844104 -0.05704603315677098 -0.1400852910563753 -0.4294553364203836 0.36740117607341427 0.14647876974993376 0.0686153363794494 0.034497808510328215 0.012519919873734022
0.6342203090064769 0.4534677391855614 0.3750467833267792 0.2705538698732661 -0.2667074420555605 0.21086466665048612 0.17832151444007652 0.1311045547417009 -0.08660283565249918 -0.19604098688702537 0.05598495324880961 0.041673212290984404 -0.11915509321408538 -0.26634672569312834 -0.40788101460259085 0.0575567404369822 -0.025925464194270303 -0.060099024314541845 -0.09297840233945445 -0.41048346113571776 0.3246043759681426 0.15730148144725065 0.05000129527373254 0.06905876788330746 0.01486290418685618
0.7875620907777529 0.5950077430879314 0.5404762174296693 0.4105446789159242 -0.29475507044733945 0.1427042042679333 0.13250772110170073 0.10507393979109023 -0.10845268923806375 -0.24737114194621576 0.04722894121440993 0.03781661875104149 -0.08160971795808258 -0.18721285846078484 -0.3587086888527178 0.02836740381585982 -0.03844581877741977 -0.08901101161381035 -0.17100167466124516 -0.4470951358424534 0.45232959511096166 0.11577450921932375 0.04166829880341992 0.03125671897576292 0.014650968786457367
0.5981506176919981 0.397755210264956 0.35361003581256784 0.2681497678514174 -0.25952202609856895 0.20981624688296627 0.18867167029709844 0.14535805439388302 -0.13262925026718517 -0.2862273796248622 0.09369581583002008 0.07287278719108202 -0.06395014246056206 -0.14212715554175287 -0.36953090707967384 0.0347792496746486 -0.023592259047792517 -0.053358423633377866 -0.1394232860648896 -0.423886953450607 0.3115754158296522 0.16890156000709078 0.084676936148035 0.040413149182998 0.01482040131060127
0.601880597085773 0.4391869079307542 0.37242147518462065 0.2684754614657927 -0.2779562061686541 0.22746865120627308 0.19626191365816154 0.1437761334663081 -0.07903654553893166 -0.20829403693142973 0.05345728242415749 0.039698230906462774 -0.09451498909014638 -0.24746367874335154 -0.40313198878486756 0.04757995054700916 -0.02202538449408596 -0.059472409125827824 -0.09761422477141149 -0.4037614739357112 0.32796345611960354 0.17563840785277496 0.048496871432172156 0.05812538033185789 0.01340358615892881
0.6985466081100716 0.47602862967209597 0.4173922705851234 0.3086260951082514 -0.2905481613385818 0.17052119318540843 0.15236498958281783 0.1148096886751771 -0.1388209580616976 -0.3063597297784469 0.07099626656474438 0.05381993725411407 -0.06552204774575147 -0.14797229521250777 -0.394480102607703 0.025173004992423812 -0.016898078083513634 -0.03875535872797453 -0.10381624759339031 -0.396344446406171 0.3861530666151368 0.1436543970968941 0.06734228254076546 0.031497907898312125 0.00807492376277995
0.5270462873478942 0.38412754110627917 0.3291549076305364 0.24760268639373664 -0.21835987379164112 0.22981100375259414 0.19941057170546786 0.1522789931331946 -0.12483439093090488 -0.2779753666181289 0.11103009072387147 0.08569539283770172 -0.06849895471967865 -0.1564074065790185 -0.3718985373860462 0.046583933157730954 -0.026981108099773853 -0.06277144356824187 -0.15056792903584598 -0.4409109389061309 0.275057246507599 0.16916762255993179 0.09520096846956998 0.051751619935450216 0.020245411704681148
