624.741253978483
5.63561818718059
494.729660310622
0.478917578871414
938.006210740417
1.3063123482006
1277.6864873741
1.14900204337887
1445.51917472556
76.0198203120987
918.977664765236
3.43159710190669
327.249819008799
0.478917578871414
938.006210740417
1.3063123482006
1277.6864873741
1.13567989426198
1278.63787175979
96.359910855545
637.55615453142
5.63561818718059
494.729660310622
0.530704839529268
938.006210740417
1.3063123482006
1277.6864873741
1.14900204337887
1639.73834133785
87.1469940379051
624.741253978483
5.63561818718059
494.729660310622
0.478917578871414
938.006210740417
1.3063123482006
1277.6864873741
1.13567989426198
1445.51917472556
76.0198203120987
424.187875003488
12.1366447446064
740.930782114349
0.691842028525691
452.803256172218
1.55254465142368
880.763101714566
1.55632625139382
1271.786288084
55.6038049390778
698.61963636639
4.77614604404328
715.881596373383
0.382402225154973
938.006210740417
1.3063123482006
1277.6864873741
1.14900204337887
1445.51917472556
40.6097501531542
426.797005559078
2.91299004981142
494.729660310622
0.631612602959766
851.948508081934
1.58809045907372
1992.30537699291
0.664261642874467
568.229722536648
42.1968307136927
453.980937780061
5.77690875155808
182.794490557661
0.319841711088326
938.006210740417
1.3063123482006
1277.6864873741
1.14900204337887
1029.83303165668
76.0198203120987
330.672856116397
6.79876022807599
494.729660310622
0.478917578871414
938.006210740417
1.3063123482006
1872.27238606229
1.06411577465918
1836.61630627491
76.0198203120987
548.694034634857
8.79511065466709
494.729660310622
0.324410880466299
662.734297582411
1.3063123482006
1496.40646901266
1.14900204337887
1445.51917472556
64.4594252863196
278.870436014239
2.91299004981142
494.729660310622
0.631612602959766
851.948508081934
1.58809045907372
1992.30537699291
0.664261642874467
568.229722536648
31.1876967043804
637.55615453142
5.63561818718059
494.729660310622
0.478917578871414
938.006210740417
1.3063123482006
1277.6864873741
1.13567989426198
1445.51917472556
76.0198203120987
624.741253978483
3.54565481706258
557.991281514501
0.275896692060138
739.768206925586
1.05210428863316
1496.40646901266
1.15115456103043
1445.51917472556
69.4108043101393
624.741253978483
4.77614604404328
494.729660310622
0.324410880466299
343.621369780034
0.889252379189703
1764.59363914812
0.954629722571528
838.794739753114
81.5858495804406
624.741253978483
5.63561818718059
494.729660310622
0.478917578871414
938.006210740417
1.3063123482006
1277.6864873741
1.14900204337887
1445.51917472556
76.0198203120987
719.113321752128
5.63561818718059
683.700053406191
0.478917578871414
938.006210740417
1.3063123482006
1277.6864873741
1.13567989426198
1445.51917472556
76.0198203120987
624.741253978483
5.72711020106295
494.729660310622
0.324410880466299
662.734297582411
1.3063123482006
1496.40646901266
1.14900204337887
1445.51917472556
64.4594252863196
637.55615453142
5.63561818718059
494.729660310622
0.478917578871414
938.006210740417
1.3063123482006
1277.6864873741
1.14900204337887
1445.51917472556
76.0198203120987
698.61963636639
4.77614604404328
715.881596373383
0.478917578871414
938.006210740417
1.3063123482006
1277.6864873741
1.14900204337887
1445.51917472556
76.0198203120987
771.364518636882
6.47781938738539
494.729660310622
0.324410880466299
343.621369780034
0.697239671335293
941.192817495902
0.894899684066145
838.794739753114
80.2535459699188
624.741253978483
5.63561818718059
494.729660310622
0.478917578871414
938.006210740417
1.3063123482006
1277.6864873741
1.14900204337887
1445.51917472556
66.8360705283915
719.113321752128
5.63561818718059
683.700053406191
0.648182417848114
1034.20664202003
1.3063123482006
1417.5107719083
0.664261642874467
880.662812294692
76.0198203120987
624.741253978483
5.63561818718059
494.729660310622
0.478917578871414
938.006210740417
1.3063123482006
1277.6864873741
1.13567989426198
1445.51917472556
76.0198203120987
624.741253978483
3.77803992322545
494.729660310622
0.708602936866754
938.006210740417
1.3063123482006
1277.6864873741
0.608664913150094
1445.51917472556
76.0198203120987
719.113321752128
5.63561818718059
683.700053406191
0.478917578871414
901.373871154819
0.846208546266577
1277.6864873741
1.13567989426198
1445.51917472556
76.0198203120987
624.741253978483
5.63561818718059
494.729660310622
0.478917578871414
938.006210740417
1.3063123482006
1277.6864873741
1.13567989426198
1445.51917472556
76.0198203120987
624.741253978483
5.63561818718059
494.729660310622
0.478917578871414
938.006210740417
1.3063123482006
1277.6864873741
1.13567989426198
1445.51917472556
76.0198203120987
637.55615453142
5.63561818718059
494.729660310622
0.333261396880322
315.844680444673
0.974587302949222
1624.64214133751
0.755935542693509
570.755387817477
119.2555049961
624.741253978483
5.63561818718059
494.729660310622
0.324410880466299
343.621369780034
0.697239671335293
941.192817495902
0.894899684066145
838.794739753114
80.2535459699188
848.170243380834
8.26817691673155
494.729660310622
0.324410880466299
343.621369780034
0.889252379189703
1764.59363914812
0.954629722571528
838.794739753114
81.5858495804406
347.617797843077
4.35904897662105
407.009352962672
0.631612602959766
814.025833299685
1.58809045907372
1992.30537699291
0.664261642874467
568.229722536648
61.1857306566038
624.741253978483
5.63561818718059
494.729660310622
0.631612602959766
851.948508081934
1.58809045907372
1992.30537699291
0.664261642874467
568.229722536648
42.1968307136927
330.672856116397
6.79876022807599
494.729660310622
0.324410880466299
343.621369780034
0.889252379189703
1764.59363914812
0.954629722571528
838.794739753114
81.5858495804406
624.741253978483
5.63561818718059
494.729660310622
0.478917578871414
938.006210740417
1.3063123482006
1277.6864873741
1.13567989426198
1278.63787175979
96.359910855545
624.741253978483
5.63561818718059
494.729660310622
0.478917578871414
938.006210740417
1.3063123482006
1277.6864873741
1.14900204337887
1445.51917472556
76.0198203120987
624.741253978483
5.63561818718059
494.729660310622
0.249854330573459
915.173385856449
0.724776422495534
1496.40646901266
1.21446196122886
1445.51917472556
64.4594252863196
624.741253978483
5.63561818718059
494.729660310622
0.478917578871414
938.006210740417
1.3063123482006
1277.6864873741
1.13567989426198
1445.51917472556
76.0198203120987
624.741253978483
2.97989245902542
554.851624115077
0.648182417848114
1034.20664202003
1.05640725998894
836.887936849123
0.664261642874467
585.846324093768
76.0198203120987
222.877641498215
4.87959360308362
494.729660310622
0.625085483599458
1307.54590101887
1.3063123482006
1198.85632055902
1.22303389335528
1445.51917472556
27.6300183396625
624.741253978483
4.77614604404328
494.729660310622
0.285753145540323
938.006210740417
1.60108766126618
684.100732776197
0.838259852021264
1369.57314403005
55.6038049390778
330.672856116397
6.79876022807599
494.729660310622
0.249854330573459
836.038582386187
0.637103353838975
1014.46510836083
1.77854026852297
1639.9849714475
51.3570125287043
624.741253978483
4.77614604404328
494.729660310622
0.295204165598366
1096.57537116305
1.3063123482006
1277.6864873741
1.13567989426198
1445.51917472556
48.3854792548829
637.55615453142
5.63561818718059
494.729660310622
0.631612602959766
851.948508081934
1.58809045907372
1992.30537699291
0.664261642874467
568.229722536648
42.1968307136927
624.741253978483
5.63561818718059
494.729660310622
0.478917578871414
938.006210740417
1.3063123482006
1277.6864873741
1.14900204337887
1445.51917472556
66.8360705283915
624.741253978483
5.63561818718059
494.729660310622
0.324410880466299
662.734297582411
1.3063123482006
1496.40646901266
1.14900204337887
1445.51917472556
64.4594252863196
624.741253978483
5.63561818718059
494.729660310622
0.478917578871414
593.253548849809
1.3063123482006
1277.6864873741
1.13567989426198
1445.51917472556
76.0198203120987
706.845419756485
4.79731726748271
486.148239451381
0.197785070042812
534.231512864146
1.34400779240344
479.266429659898
0.838259852021264
1097.8859985024
51.9530725038539
918.977664765236
3.43159710190669
327.249819008799
0.478917578871414
593.074178804287
1.62767117784553
1327.38029831111
1.30283963945856
2041.60144973305
70.4030218387117
624.741253978483
5.72711020106295
494.729660310622
0.249854330573459
915.173385856449
0.724776422495534
1496.40646901266
1.21446196122886
1445.51917472556
64.4594252863196
426.797005559078
2.91299004981142
494.729660310622
0.478917578871414
593.074178804287
1.62767117784553
1327.38029831111
1.30283963945856
2041.60144973305
70.4030218387117
624.741253978483
5.63561818718059
494.729660310622
0.478917578871414
938.006210740417
1.3063123482006
1277.6864873741
1.13567989426198
1445.51917472556
76.0198203120987
341.719464132364
4.21464873156665
494.729660310622
0.581829084121687
938.006210740417
0.710209992835381
1577.93726649225
1.08632768084351
1846.97598769078
90.8906124500861
624.741253978483
4.77614604404328
494.729660310622
0.333261396880322
315.844680444673
0.974587302949222
1624.64214133751
0.755935542693509
570.755387817477
119.2555049961
436.521083265075
7.15391736946732
725.865947383638
0.324410880466299
343.621369780034
0.889252379189703
1764.59363914812
0.954629722571528
838.794739753114
81.5858495804406
726.053016099012
4.41254104868643
350.513835871958
0.349026795488468
938.006210740417
1.3063123482006
1672.4393341442
0.802828816947717
947.701536528414
76.0198203120987
350.920124502133
3.33517077871374
494.729660310622
0.478917578871414
974.876898104219
1.59831684328669
1493.3948673371
1.1114772928576
1607.46755666662
47.5649271069286
843.432678592114
8.06800413476634
264.350025427006
0.650656752618406
1062.18079409221
1.3063123482006
913.43160298929
1.09439129286051
1426.78112009758
53.8661148640919
439.901253921144
7.70356896305048
649.840800546424
0.249854330573459
526.784806007499
0.637103353838975
631.716512405825
1.72963658275523
1639.9849714475
51.3570125287043
624.741253978483
5.63561818718059
494.729660310622
0.324410880466299
662.734297582411
1.3063123482006
1496.40646901266
1.14900204337887
1445.51917472556
64.4594252863196
624.741253978483
5.63561818718059
494.729660310622
0.478917578871414
938.006210740417
1.3063123482006
1277.6864873741
1.14900204337887
1445.51917472556
76.0198203120987
698.61963636639
4.77614604404328
715.881596373383
0.631612602959766
851.948508081934
1.58809045907372
1992.30537699291
0.664261642874467
568.229722536648
42.1968307136927
624.741253978483
5.72711020106295
494.729660310622
0.324410880466299
662.734297582411
1.3063123482006
1496.40646901266
1.14900204337887
1445.51917472556
64.4594252863196
453.980937780061
5.77690875155808
182.794490557661
0.648182417848114
1034.20664202003
1.3063123482006
1417.5107719083
0.914609979274946
880.662812294692
76.0198203120987
719.113321752128
5.63561818718059
683.700053406191
0.478917578871414
471.39511698444
1.3063123482006
1277.6864873741
1.13567989426198
1372.90307295345
76.0198203120987
330.672856116397
6.79876022807599
494.729660310622
0.478917578871414
938.006210740417
1.3063123482006
1277.6864873741
1.14900204337887
1445.51917472556
76.0198203120987
848.170243380834
8.26817691673155
494.729660310622
0.478917578871414
485.922608795187
1.3063123482006
684.100732776197
1.14900204337887
1122.97843178179
55.6038049390778
624.741253978483
5.63561818718059
494.729660310622
0.648182417848114
1034.20664202003
1.05640725998894
836.887936849123
0.664261642874467
585.846324093768
76.0198203120987
624.741253978483
3.77803992322545
494.729660310622
0.478917578871414
938.006210740417
1.3063123482006
1277.6864873741
1.42044617763527
1080.12941650498
50.752360972368
624.741253978483
5.63561818718059
494.729660310622
0.648182417848114
1034.20664202003
1.3063123482006
1417.5107719083
0.664261642874467
880.662812294692
76.0198203120987
548.694034634857
8.79511065466709
494.729660310622
0.333261396880322
315.844680444673
0.974587302949222
1624.64214133751
0.755935542693509
570.755387817477
119.2555049961
624.741253978483
5.63561818718059
723.641286592348
0.478917578871414
938.006210740417
1.3063123482006
1277.6864873741
1.13567989426198
1278.63787175979
96.359910855545
624.741253978483
5.63561818718059
494.729660310622
0.324410880466299
343.621369780034
0.889252379189703
1764.59363914812
0.954629722571528
838.794739753114
81.5858495804406
705.694127791521
5.63561818718059
536.172024757292
0.478917578871414
894.282563041518
1.3063123482006
1277.6864873741
1.14900204337887
918.443004086922
40.4617528952111
624.741253978483
5.63561818718059
494.729660310622
0.478917578871414
938.006210740417
1.3063123482006
1277.6864873741
1.13567989426198
1445.51917472556
76.0198203120987
624.741253978483
5.63561818718059
494.729660310622
0.478917578871414
938.006210740417
1.3063123482006
1277.6864873741
1.13567989426198
1445.51917472556
76.0198203120987
646.106687219246
5.63561818718059
325.575218485678
0.857743267183636
851.948508081934
1.16979826854836
1992.30537699291
0.849429166261043
610.59620974755
42.1968307136927
624.741253978483
5.63561818718059
494.729660310622
0.324410880466299
343.621369780034
0.889252379189703
1764.59363914812
0.954629722571528
838.794739753114
81.5858495804406
624.741253978483
5.63561818718059
494.729660310622
0.650656752618406
1062.18079409221
1.3063123482006
913.43160298929
1.09439129286051
1426.78112009758
53.8661148640919
363.97109607956
5.63561818718059
494.729660310622
0.249854330573459
915.173385856449
0.724776422495534
1496.40646901266
1.21446196122886
1445.51917472556
64.4594252863196
453.980937780061
7.96802301970824
259.348225227051
0.648182417848114
1034.20664202003
1.3063123482006
1417.5107719083
0.664261642874467
880.662812294692
76.0198203120987
330.672856116397
6.79876022807599
494.729660310622
0.295204165598366
1096.57537116305
1.3063123482006
1277.6864873741
1.13567989426198
1445.51917472556
48.3854792548829
651.513786952305
4.39563639238622
649.782501667085
0.469844920561329
309.668020258196
0.520040625983683
1442.41688169429
0.746026109908559
838.794739753114
71.4086009630733
624.741253978483
5.63561818718059
494.729660310622
0.478917578871414
938.006210740417
1.3063123482006
1277.6864873741
1.14900204337887
1445.51917472556
66.8360705283915
624.741253978483
4.77614604404328
494.729660310622
0.478917578871414
938.006210740417
1.3063123482006
1277.6864873741
1.14900204337887
1445.51917472556
76.0198203120987
624.741253978483
4.77614604404328
494.729660310622
0.478917578871414
938.006210740417
1.3063123482006
1277.6864873741
1.14900204337887
1445.51917472556
76.0198203120987
624.741253978483
5.63561818718059
494.729660310622
0.324410880466299
343.621369780034
0.889252379189703
1764.59363914812
0.954629722571528
838.794739753114
81.5858495804406
848.170243380834
8.26817691673155
494.729660310622
0.478917578871414
938.006210740417
1.3063123482006
684.100732776197
1.14900204337887
1445.51917472556
55.6038049390778
848.170243380834
4.79731726748271
494.729660310622
0.285753145540323
938.006210740417
1.60108766126618
684.100732776197
0.838259852021264
1369.57314403005
55.6038049390778
624.741253978483
4.55234690241558
494.729660310622
0.478917578871414
1108.29668258967
1.3063123482006
1277.6864873741
1.13567989426198
1939.79789368803
76.0198203120987
624.741253978483
5.63561818718059
494.729660310622
0.478917578871414
938.006210740417
1.3063123482006
1277.6864873741
1.14900204337887
1445.51917472556
76.0198203120987
637.55615453142
5.63561818718059
494.729660310622
0.708602936866754
938.006210740417
1.3063123482006
1277.6864873741
0.608664913150094
1445.51917472556
76.0198203120987
624.741253978483
5.63561818718059
494.729660310622
0.478917578871414
938.006210740417
1.3063123482006
1277.6864873741
1.14900204337887
1445.51917472556
76.0198203120987
624.741253978483
5.63561818718059
494.729660310622
0.478917578871414
938.006210740417
1.3063123482006
1277.6864873741
1.13567989426198
1445.51917472556
76.0198203120987
579.173953227995
5.63561818718059
641.991967017149
0.478917578871414
938.006210740417
1.3063123482006
1277.6864873741
1.14900204337887
1445.51917472556
76.0198203120987
436.521083265075
7.15391736946732
494.729660310622
0.324410880466299
343.621369780034
0.889252379189703
1764.59363914812
0.954629722571528
838.794739753114
81.5858495804406
624.741253978483
4.77614604404328
494.729660310622
0.478917578871414
593.074178804287
1.62767117784553
1327.38029831111
1.30283963945856
2041.60144973305
70.4030218387117
579.173953227995
5.63561818718059
641.991967017149
0.268042901194972
938.006210740417
1.3063123482006
1235.35416291179
1.06270555296969
1445.51917472556
89.7637441304692
466.485046742494
5.63561818718059
661.27038580776
0.324410880466299
343.621369780034
0.889252379189703
1442.41688169429
0.925265508174704
838.794739753114
81.5858495804406
719.113321752128
5.63561818718059
683.700053406191
0.319841711088326
938.006210740417
1.3063123482006
1277.6864873741
1.14900204337887
1029.83303165668
76.0198203120987
363.97109607956
5.63561818718059
494.729660310622
0.478917578871414
938.006210740417
1.3063123482006
1277.6864873741
1.1114772928576
1445.51917472556
33.4599974678047
