0.6587477107029828 0.6587477107029831 0.6587477107029831 0.6587477107029831 -0.3307865540024245 0.08567898376567942 0.0856789837656794 0.0856789837656794 -0.07567042114427314 -0.38963370887386467 0.01959984378541196 0.019599843785411988 -0.014187596519858183 -0.0730531926272575 -0.38528157198359864 0.003674813371918378 -0.004106743198156552 -0.02114598491052977 -0.11152364481919297 -0.49946814406518764 0.6587477107029832 0.08567898376567946 0.019599843785412158 0.0036748133719184234 0.0010637118696248233
0.7007553756934165 0.7007553756934164 0.7007553756934164 0.7007553756934162 -0.34672475053867574 0.07403119641434888 0.0740311964143484 0.0740311964143485 -0.06785833364116334 -0.3658813846470383 0.014488823247646852 0.014488823247646788 -0.017744017274828622 -0.09567293007880545 -0.3938597333503954 0.003788627220905313 -0.004638735605259724 -0.025011327499417348 -0.10296491151202017 -0.4995047784356704 0.7007553756934165 0.07403119641434845 0.014488823247646925 0.0037886272209052274 0.0009904431286593888
0.7009771578333518 0.7009771578333516 0.7009771578333519 0.700977157833352 -0.34232105388962697 0.07301365909265058 0.07301365909265056 0.07301365909265078 -0.07238648674205944 -0.37342194613351104 0.015439314076205057 0.015439314076204956 -0.017576626707302263 -0.0906729756741938 -0.3995869258170315 0.003748918787856898 -0.004281998742629587 -0.02208965203010767 -0.09734693365303168 -0.4995433462346572 0.7009771578333515 0.07301365909265042 0.015439314076204882 0.003748918787856676 0.0009133075306851624
0.700493393468949 0.7004933934689489 0.7004933934689492 0.700493393468949 -0.34138354813056615 0.07298186462528529 0.07298186462528534 0.07298186462528564 -0.07218993049390722 -0.36948972326481805 0.01543295148072015 0.015432951480720228 -0.018150586497092735 -0.09290014737541533 -0.39627849827992984 0.0038802796849887193 -0.004603327074000749 -0.023561209091530665 -0.10050361404401853 -0.49950794437051754 0.7004933934689495 0.07298186462528565 0.015432951480720157 0.0038802796849886816 0.000984111258964743
0.7214133659732943 0.7214133659732943 0.7214133659732944 0.7214133659732943 -0.36122436329627877 0.06974661424756247 0.06974661424756257 0.06974661424756254 -0.06247093797685406 -0.3716227222266705 0.012062133276379625 0.012062133276379783 -0.015337091529465443 -0.0912362114257246 -0.3866452457576738 0.0029613456767527426 -0.004394711436854254 -0.026142950313465165 -0.11078986392381386 -0.49957572595530575 0.7214133659732942 0.06974661424756272 0.012062133276379635 0.0029613456767528007 0.0008485480893886055
0.6914475777659987 0.6914475777659982 0.6914475777659985 0.691447577765999 -0.3370824038275799 0.07521003438141904 0.0752100343814189 0.07521003438141913 -0.07372978519519345 -0.37043348192053877 0.016450635264549526 0.01645063526454972 -0.018080616536041774 -0.09084070597770744 -0.3933395933307065 0.00403415834191252 -0.0047471928140314715 -0.02385086513943234 -0.10327407183330378 -0.49947040170192153 0.6914475777659987 0.07521003438141924 0.01645063526454961 0.004034158341912496 0.0010591965961568549
0.6572030538731625 0.6572030538731626 0.6572030538731625 0.6572030538731627 -0.32801926404081344 0.08554738244237137 0.08554738244237158 0.08554738244237131 -0.07504439413174153 -0.37789170741432293 0.01957156846783669 0.019571568467836403 -0.016551137971120036 -0.08334450374236685 -0.3935409551125612 0.004316534682840024 -0.004325206708268486 -0.021779904639354458 -0.10284162829174062 -0.49943599331963545 0.6572030538731622 0.0855473824423714 0.019571568467836555 0.004316534682840032 0.0011280133607290404
0.7189801871345273 0.7189801871345275 0.7189801871345276 0.7189801871345272 -0.3440460925566348 0.06723674050928505 0.067236740509285 0.06723674050928484 -0.07214710302647077 -0.36210223445900436 0.014099669054921675 0.014099669054921661 -0.019680594535310954 -0.09877579220475512 -0.39382498728440596 0.0038461678724670554 -0.005144788140003518 -0.02582140104267156 -0.10295146928526634 -0.4994972784277622 0.7189801871345274 0.06723674050928491 0.014099669054921429 0.003846167872466996 0.0010054431444755812
0.7023080677204447 0.7023080677204451 0.7023080677204449 0.7023080677204452 -0.34979381077848865 0.07413469972519712 0.07413469972519705 0.07413469972519726 -0.06845368105688336 -0.37930893884037736 0.014507955640902376 0.014507955640902548 -0.015588634685604954 -0.08637823984445166 -0.3977253989531464 0.0033038284724682394 -0.0039017053836189726 -0.021619753764571755 -0.09954735367110484 -0.4995865396297505 0.7023080677204447 0.0741346997251974 0.014507955640902426 0.003303828472468267 0.0008269207404986799
0.6592460729363152 0.6592460729363149 0.6592460729363148 0.6592460729363147 -0.33168506813976184 0.08572139763654536 0.08572139763654549 0.08572139763654538 -0.07587367833333955 -0.39355980001147883 0.019608955528317762 0.01960895552831745 -0.013328760705865495 -0.06913681414989804 -0.37946118199018714 0.003444713392971805 -0.004126138042865837 -0.02140244283183147 -0.11746847687884242 -0.49946681603446985 0.659246072936315 0.08572139763654546 0.019608955528317533 0.003444713392972052 0.001066367931060247
0.7021576978024959 0.7021576978024959 0.7021576978024964 0.702157697802496 -0.344622198830846 0.07309117980859679 0.07309117980859682 0.0730911798085967 -0.07286893073024218 -0.3833404303764152 0.015454825999408723 0.015454825999408624 -0.015007094322768623 -0.07894758354127994 -0.37962311075368915 0.0031828658550474968 -0.0046465310916647086 -0.0244439325592691 -0.11753978147223541 -0.499507256873383 0.7021576978024959 0.07309117980859675 0.015454825999408528 0.0031828658550473675 0.0009854862532341227
0.7118139551822991 0.711813955182299 0.711813955182299 0.7118139551822991 -0.34478446952620356 0.06979497371745028 0.06979497371745043 0.06979497371745029 -0.07224370725813249 -0.3715646436686326 0.014624346787607542 0.014624346787607698 -0.017740246379388237 -0.09124183371430082 -0.3936072563435669 0.0035911711205901713 -0.004659342227699716 -0.023963981089448246 -0.10337798423935517 -0.499528402963205 0.7118139551822987 0.06979497371745037 0.014624346787607543 0.003591171120590167 0.00094319407358969
0.7014340765734887 0.7014340765734886 0.7014340765734887 0.701434076573489 -0.34806218046006215 0.07407645977691286 0.07407645977691288 0.07407645977691295 -0.06811777638104524 -0.3716434014197813 0.014497190460375836 0.014497190460375925 -0.016728659808869277 -0.09126980302152926 -0.3936259195980802 0.0035602830902670374 -0.004393756338495154 -0.02397187103574434 -0.10338523222960874 -0.4995324486069588 0.7014340765734884 0.07407645977691243 0.014497190460375843 0.0035602830902668253 0.0009351027860823532
0.6958283453793009 0.6958283453793008 0.6958283453793008 0.6958283453793013 -0.3460946417427387 0.07564522236936345 0.07564522236936351 0.07564522236936332 -0.0704866538006645 -0.38254345244655796 0.015406128722406178 0.015406128722406015 -0.015081831416446765 -0.08185174849667985 -0.3905861182585617 0.003296406108715142 -0.004116509826565576 -0.022341021969037613 -0.10660851123014944 -0.49955013128829695 0.6958283453793008 0.07564522236936334 0.015406128722405849 0.0032964061087151124 0.0008997374234058375
0.6802419678330678 0.6802419678330676 0.680241967833068 0.6802419678330679 -0.3534644581468572 0.08307565904675654 0.08307565904675698 0.08307565904675696 -0.05805815327651536 -0.35617461041602894 0.013645556817144706 0.013645556817144612 -0.017761855545866626 -0.10896526365873546 -0.4143711847994199 0.004174614508916416 -0.003533449912268527 -0.021676975151667707 -0.08243281918351068 -0.4995847620978508 0.6802419678330677 0.08307565904675691 0.013645556817144562 0.00417461450891646 0.0008304758042982753
0.7244914772698463 0.7244914772698462 0.7244914772698461 0.724491477269846 -0.3517860596371494 0.06688833523130193 0.06688833523130189 0.06688833523130196 -0.06921914275488875 -0.3697387909949808 0.013161275434813604 0.01316127543481374 -0.017392088915527296 -0.09290103391305138 -0.3907492006510118 0.0033069186281979015 -0.004737535001408936 -0.025305867625666372 -0.10643850913181561 -0.4995496043395366 0.724491477269846 0.0668883352313017 0.013161275434813664 0.0033069186281978174 0.0009007913209271061
0.6662234724970229 0.6662234724970231 0.6662234724970227 0.6662234724970229 -0.3373526476209553 0.0845064756160785 0.08450647561607848 0.0845064756160784 -0.06768862364790824 -0.36428182712195195 0.016955927466782157 0.016955927466782133 -0.01752664713677052 -0.09432366471971801 -0.3900912606938203 0.004390406268751758 -0.004770439738722422 -0.02567321376242204 -0.1061758610885649 -0.49940250498654576 0.6662234724970229 0.08450647561607853 0.01695592746678225 0.004390406268751842 0.0011949900269086963
0.6579093983152217 0.6579093983152214 0.6579093983152215 0.6579093983152215 -0.32928140299669834 0.08560758788611934 0.08560758788611926 0.08560758788611933 -0.07532992479534119 -0.38318289331121835 0.0195845046172758 0.019584504617275848 -0.015603194001495166 -0.07936921533683758 -0.39332605400474185 0.004056566176015074 -0.004096660710536606 -0.020838601767394188 -0.10326881737913912 -0.4994674687992926 0.6579093983152215 0.08560758788611944 0.019584504617276018 0.004056566176014991 0.0010650624014147164
0.7281648057201402 0.7281648057201402 0.7281648057201402 0.7281648057201405 -0.339485104429558 0.06336752242952776 0.06336752242952765 0.06336752242952777 -0.07972179390662998 -0.37554204960873655 0.014880689896510238 0.014880689896510261 -0.01871888116976471 -0.08817823403609035 -0.39403763020494337 0.003494024058504332 -0.004894650712441125 -0.023057022058759126 -0.10303375238721652 -0.49954318777943657 0.7281648057201399 0.06336752242952777 0.014880689896510133 0.0034940240585044514 0.0009136244411267749
0.6953373071770218 0.6953373071770216 0.6953373071770216 0.6953373071770218 -0.3362708646922424 0.07366869726218214 0.07366869726218174 0.07366869726218192 -0.07790285411813368 -0.3847061451838211 0.017066604271949292 0.017066604271949195 -0.01616778529882062 -0.07984105882740818 -0.39363698772223804 0.00354196514071714 -0.004246500678548877 -0.020970411483099013 -0.10338953075944406 -0.4995348479369481 0.6953373071770215 0.07366869726218216 0.01706660427194924 0.003541965140717292 0.0009303041261036687
0.7008077217326377 0.7008077217326381 0.7008077217326378 0.700807721732638 -0.3419923373566322 0.07300252507973022 0.07300252507973021 0.0730025250797302 -0.07231756875710421 -0.3720361914192875 0.015437086011053518 0.015437086011053557 -0.017559921463854714 -0.09033664177755521 -0.3935122647226249 0.0037483840046578774 -0.00461144858950345 -0.023723499001010617 -0.10334109875392834 -0.49950781442369274 0.7008077217326382 0.07300252507973026 0.015437086011053666 0.003748384004657921 0.0009843711526145292
0.7156953172814047 0.715695317281405 0.7156953172814045 0.7156953172814048 -0.35259222116465067 0.07003232880441368 0.07003232880441362 0.07003232880441362 -0.06564292693218933 -0.36150598627471053 0.01303808412849954 0.013038084128499647 -0.01813816253562854 -0.09988973135562654 -0.3936003352846055 0.003602625600778472 -0.004763811820671254 -0.02623506554541539 -0.103375296486944 -0.4995269027281918 0.7156953172814047 0.0700323288044135 0.013038084128499388 0.0036026256007781147 0.000946194543616407
0.7507461664026227 0.7507461664026229 0.7507461664026228 0.7507461664026227 -0.3473139179460344 0.05765552285440975 0.057655522854409696 0.05765552285440983 -0.07869507245178496 -0.37871124752953184 0.013063702068450873 0.013063702068450872 -0.018064837020422435 -0.08693501068460717 -0.39396515852441455 0.0029988364124641717 -0.004746659261340049 -0.022842767589559828 -0.10351703512415603 -0.4996060176293211 0.7507461664026226 0.05765552285441011 0.013063702068450823 0.0029988364124643838 0.0007879647413578171
0.7277781024332678 0.727778102433268 0.7277781024332677 0.7277781024332678 -0.3387120771805821 0.06334681139112901 0.06334681139112869 0.06334681139112885 -0.07954144817496343 -0.3724206287839749 0.014876047991138874 0.014876047991138976 -0.019504222410965204 -0.09132062516961448 -0.3974677536428577 0.0036477302748769234 -0.004883599054913515 -0.022865475453238894 -0.09952066302102724 -0.4995433283176428 0.7277781024332675 0.0633468113911288 0.014876047991138891 0.0036477302748769698 0.0009133433647142974
0.7011145220021894 0.7011145220021893 0.7011145220021894 0.7011145220021894 -0.3474316857090304 0.07405515232959664 0.07405515232959674 0.07405515232959654 -0.06799546982511681 -0.36891020328376867 0.014493251717515095 0.014493251717514864 -0.017067826651608154 -0.09260168972802713 -0.39054814686214767 0.0036380115994330453 -0.004648091210421735 -0.025218272301499763 -0.10635820516172305 -0.49950462908711507 0.7011145220021892 0.07405515232959663 0.014493251717514997 0.0036380115994330063 0.0009907418257698885
0.724717867222581 0.724717867222581 0.7247178672225806 0.7247178672225808 -0.3428104401902656 0.06510781186864176 0.06510781186864174 0.06510781186864159 -0.07567647745189289 -0.37039731881024973 0.01437275321628089 0.014372753216280829 -0.018873052751529597 -0.09237385740337571 -0.3939830328174293 0.003584439164838402 -0.0049346354538128065 -0.02415249497520684 -0.1030126216217958 -0.499531397998572 0.7247178672225811 0.06510781186864181 0.014372753216281205 0.0035844391648386415 0.0009372040028561714
0.7022393937613471 0.7022393937613474 0.7022393937613473 0.7022393937613473 -0.34965736410570847 0.07413012545071494 0.07413012545071475 0.07413012545071472 -0.06842721319582976 -0.37869629566935276 0.014507110157462928 0.014507110157463077 -0.015212080027246113 -0.0841881188301098 -0.38555701840668194 0.0032250812267894877 -0.0044046926808637196 -0.02437686300377722 -0.11163891946333741 -0.49953308516490225 0.7022393937613471 0.07413012545071468 0.014507110157462883 0.0032250812267895406 0.000933829670195386
0.7000942336594631 0.7000942336594629 0.700094233659463 0.7000942336594631 -0.34061237563918934 0.07295561842238371 0.07295561842238363 0.0729556184223837 -0.07202824548789073 -0.36630075309918486 0.015427698960107088 0.015427698960107204 -0.018622383405291765 -0.09470441796346292 -0.3937389066442011 0.003988720302021486 -0.004867646118877026 -0.024754489396312855 -0.10291817213004854 -0.4994787004843884 0.7000942336594633 0.07295561842238393 0.015427698960107324 0.003988720302021476 0.0010425990312230473
0.7015230012575775 0.7015230012575772 0.7015230012575772 0.7015230012575772 -0.34823788300018527 0.07408238787607932 0.07408238787607946 0.07408238787607924 -0.0681518598484996 -0.37241050040597773 0.01449828626419149 0.014498286264191638 -0.016554893279692125 -0.09046291772760011 -0.39263515840216756 0.0035218053091387682 -0.004401684136110853 -0.024052658216549765 -0.10439547503083503 -0.4995318038510486 0.7015230012575775 0.0740823878760793 0.014498286264191607 0.0035218053091387253 0.0009363922979028267
0.7120333742830173 0.7120333742830176 0.7120333742830177 0.7120333742830176 -0.3452200270693938 0.0698084176357614 0.06980841763576141 0.06980841763576152 -0.07233425237183588 -0.37340762811479034 0.014627018431722288 0.014627018431722377 -0.017569158071492702 -0.09069641875505542 -0.39730511772363747 0.0035527345692403295 -0.004411420410304199 -0.02277286317360459 -0.09975890126961573 -0.4995539739090694 0.7120333742830172 0.06980841763576147 0.014627018431722247 0.003552734569240282 0.0008920521818612321
0.6628263384260251 0.6628263384260249 0.6628263384260245 0.6628263384260248 -0.3436939197554425 0.08741696781380086 0.0874169678138009 0.08741696781380094 -0.06738751115565647 -0.3910232168657676 0.017139703541854158 0.017139703541854193 -0.0126594356928148 -0.07345772508018018 -0.38515882385242795 0.0032198692467039574 -0.0036824399212305424 -0.021367750184281258 -0.11203692355524363 -0.4995316941709363 0.6628263384260249 0.0874169678138009 0.017139703541854383 0.003219869246703833 0.0009366116581275025
0.6825832964083877 0.6825832964083882 0.6825832964083881 0.682583296408388 -0.34661877310459843 0.08059279280693434 0.08059279280693432 0.08059279280693438 -0.06535111753420322 -0.3696375512464463 0.015194875418782616 0.01519487541878263 -0.01643400015984942 -0.09295362964667112 -0.3963140934760095 0.0038210912756077913 -0.004168152205869714 -0.023575810678275057 -0.10051706504025926 -0.499515428688258 0.6825832964083877 0.08059279280693414 0.015194875418782575 0.0038210912756077614 0.000969142623484
0.6594378638126202 0.6594378638126203 0.6594378638126203 0.6594378638126205 -0.341595666113026 0.08820736277653292 0.08820736277653271 0.08820736277653275 -0.06505848888171055 -0.37286787119107623 0.01679950391578824 0.01679950391578843 -0.015731717308148287 -0.09016274499603527 -0.399399489269961 0.004062268445872483 -0.0038316391632988154 -0.021960164807843418 -0.09727830057661382 -0.49950529409586525 0.6594378638126203 0.0882073627765328 0.016799503915788203 0.004062268445872257 0.0009894118082693986
0.7156953172814047 0.715695317281405 0.7156953172814045 0.7156953172814048 -0.35259222116465067 0.07003232880441368 0.07003232880441362 0.07003232880441362 -0.06564292693218933 -0.36150598627471053 0.01303808412849954 0.013038084128499647 -0.01813816253562854 -0.09988973135562654 -0.3936003352846055 0.003602625600778472 -0.004763811820671254 -0.02623506554541539 -0.103375296486944 -0.4995269027281918 0.7156953172814047 0.0700323288044135 0.013038084128499388 0.0036026256007781147 0.000946194543616407
0.7196946675374234 0.7196946675374238 0.7196946675374236 0.7196946675374234 -0.3454787464575965 0.0672782078655008 0.06727820786550061 0.06727820786550066 -0.0724453086300322 -0.3679848233540673 0.014107931624934001 0.014107931624933949 -0.018560089505650728 -0.09427568723671939 -0.3935932363514352 0.0036143744660619035 -0.0048745847544 -0.02476037777591414 -0.10337253970513037 -0.49952536396272246 0.7196946675374233 0.06727820786550098 0.01410793162493401 0.003614374466062018 0.0009492720745551889
0.6717409301770577 0.6717409301770576 0.6717409301770576 0.6717409301770577 -0.32798348743141115 0.08013770611918951 0.08013770611918951 0.08013770611918948 -0.07772098038831461 -0.37685299500784925 0.018989922737974948 0.018989922737974983 -0.017831473976461565 -0.08646113751859558 -0.4027744591622857 0.004356845621676401 -0.0041490025016555476 -0.020117656921361266 -0.09371699955220998 -0.4994931276178423 0.6717409301770572 0.0801377061191894 0.018989922737974934 0.00435684562167628 0.001013744764315339
0.7119694599299806 0.7119694599299806 0.7119694599299806 0.7119694599299807 -0.3696756942531027 0.0747770065003574 0.07477700650035736 0.07477700650035765 -0.054782264425074605 -0.3697652741365777 0.011081209305076334 0.011081209305076474 -0.014425332655210758 -0.09736704277824489 -0.4036619515501935 0.002917917543667458 -0.003358768293741996 -0.022670765656199174 -0.09398791672004254 -0.49966029868552514 0.7119694599299808 0.0747770065003576 0.01108120930507653 0.00291791754366734 0.0006794026289495653
0.722690703700188 0.7226907037001877 0.7226907037001881 0.7226907037001882 -0.3223821655772686 0.06185188976287786 0.06185188976287792 0.06185188976287798 -0.09061354560271165 -0.3734971142732651 0.017385015773458187 0.017385015773458173 -0.021970579584317265 -0.09055983869819982 -0.40501336785325154 0.00421525137422654 -0.0049702725645261354 -0.02048680964478801 -0.09162374723806731 -0.4995232044703806 0.7226907037001887 0.06185188976287832 0.017385015773458377 0.004215251374226735 0.0009535910592389743
0.7367417410575638 0.7367417410575642 0.7367417410575642 0.7367417410575643 -0.35037810752282494 0.06259990809370852 0.06259990809370859 0.0625999080937084 -0.07466159302698683 -0.38181043326905095 0.013339329031323325 0.013339329031323222 -0.016837075560313604 -0.08610278530145274 -0.40185069121716793 0.0030081770521973865 -0.004010051499409412 -0.020506922479772156 -0.09570794887043407 -0.49964177434331036 0.7367417410575643 0.06259990809370852 0.013339329031323115 0.0030081770521973774 0.0007164513133792448
0.6579093983152217 0.6579093983152214 0.6579093983152215 0.6579093983152215 -0.32928140299669834 0.08560758788611934 0.08560758788611926 0.08560758788611933 -0.07532992479534119 -0.38318289331121835 0.0195845046172758 0.019584504617275848 -0.015603194001495166 -0.07936921533683758 -0.39332605400474185 0.004056566176015074 -0.004096660710536606 -0.020838601767394188 -0.10326881737913912 -0.4994674687992926 0.6579093983152215 0.08560758788611944 0.019584504617276018 0.004056566176014991 0.0010650624014147164
0.7008077217326377 0.7008077217326381 0.7008077217326378 0.700807721732638 -0.3419923373566322 0.07300252507973022 0.07300252507973021 0.0730025250797302 -0.07231756875710421 -0.3720361914192875 0.015437086011053518 0.015437086011053557 -0.017559921463854714 -0.09033664177755521 -0.3935122647226249 0.0037483840046578774 -0.00461144858950345 -0.023723499001010617 -0.10334109875392834 -0.49950781442369274 0.7008077217326382 0.07300252507973026 0.015437086011053666 0.003748384004657921 0.0009843711526145292
0.6668225266422214 0.6668225266422213 0.6668225266422214 0.6668225266422212 -0.3384610025618816 0.08455591792283053 0.08455591792283067 0.08455591792283065 -0.06790853643177125 -0.368954373466015 0.016965229640406053 0.01696522964040599 -0.01654112261718399 -0.08986969609894846 -0.38585821471240084 0.0041323809708752775 -0.004739634596296004 -0.02575094391396949 -0.11056244403968422 -0.4994079611079635 0.6668225266422214 0.08455591792283046 0.016965229640406067 0.004132380970875263 0.0011840777840730293
0.7159826050478084 0.7159826050478084 0.7159826050478079 0.715982605047808 -0.3612861529757588 0.0716578526329019 0.07165785263290189 0.07165785263290178 -0.06065120537009828 -0.36649512745335827 0.012029620013446672 0.012029620013446703 -0.016314472408177863 -0.09858294832038596 -0.4008882891919038 0.0032358285806961063 -0.003926180632778831 -0.023724607988164045 -0.0964762940261641 -0.49961063872656547 0.7159826050478082 0.07165785263290188 0.012029620013446676 0.003235828580696286 0.0007787225468690734
0.6833808073063387 0.6833808073063387 0.6833808073063383 0.6833808073063382 -0.34815878514632537 0.08065324069953059 0.08065324069953056 0.0806532406995305 -0.06563849017605915 -0.3765117934444446 0.015205581973462027 0.01520558197346217 -0.015108987713526098 -0.08666732043792043 -0.39145238031658325 0.0035000949991052938 -0.004075156450218917 -0.023375681852570437 -0.10558150703720366 -0.49952798178864055 0.6833808073063387 0.08065324069953052 0.015205581973462211 0.003500094999105222 0.000944036422719008
0.7000942336594631 0.7000942336594629 0.700094233659463 0.7000942336594631 -0.34061237563918934 0.07295561842238371 0.07295561842238363 0.0729556184223837 -0.07202824548789073 -0.36630075309918486 0.015427698960107088 0.015427698960107204 -0.018622383405291765 -0.09470441796346292 -0.3937389066442011 0.003988720302021486 -0.004867646118877026 -0.024754489396312855 -0.10291817213004854 -0.4994787004843884 0.7000942336594633 0.07295561842238393 0.015427698960107324 0.003988720302021476 0.0010425990312230473
0.7079830120632032 0.7079830120632035 0.7079830120632035 0.7079830120632031 -0.3494004259986411 0.07205742104363398 0.07205742104363394 0.072057421043634 -0.0708471545188042 -0.3852113558508467 0.014610924495337307 0.014610924495337194 -0.014592823286320288 -0.07934434744761971 -0.38568905384603563 0.003009501802272556 -0.0042260306397326 -0.02297784580983437 -0.11169420248450165 -0.4995642293962864 0.7079830120632034 0.07205742104363397 0.014610924495337473 0.0030095018022725482 0.0008715412074273294
0.7455040767304582 0.7455040767304579 0.745504076730458 0.7455040767304578 -0.3342937637317997 0.057059647760272725 0.05705964776027272 0.05705964776027277 -0.0843763331669413 -0.36618294633508086 0.014401955322360218 0.014401955322360488 -0.022395547235158658 -0.09719393061477515 -0.4008313498086786 0.0038226319940025282 -0.005367115151186309 -0.023292622061361217 -0.0960596313204311 -0.49954195122188816 0.7455040767304578 0.05705964776027264 0.014401955322360365 0.003822631994002571 0.0009160975562235933
0.7014340765734887 0.7014340765734886 0.7014340765734887 0.701434076573489 -0.34806218046006215 0.07407645977691286 0.07407645977691288 0.07407645977691295 -0.06811777638104524 -0.3716434014197813 0.014497190460375836 0.014497190460375925 -0.016728659808869277 -0.09126980302152926 -0.3936259195980802 0.0035602830902670374 -0.004393756338495154 -0.02397187103574434 -0.10338523222960874 -0.4995324486069588 0.7014340765734884 0.07407645977691243 0.014497190460375843 0.0035602830902668253 0.0009351027860823532
0.6961186074125578 0.6961186074125578 0.6961186074125576 0.6961186074125575 -0.3377543318150068 0.07372109839577766 0.07372109839577756 0.07372109839577767 -0.07824359040169981 -0.39106009775073186 0.017078103471969718 0.017078103471969582 -0.014699584612007878 -0.0734682670587424 -0.38516581936971145 0.0032084548486338437 -0.0042759231334684586 -0.02137098911187643 -0.11203986239985296 -0.4995333505445196 0.6961186074125575 0.0737210983957774 0.0170781034719696 0.0032084548486337574 0.0009332989109607043
0.6637471906627188 0.6637471906627184 0.6637471906627186 0.6637471906627187 -0.33281543201374447 0.0843017684893593 0.08430176848935958 0.08430176848935976 -0.07052957541405831 -0.3654174976636268 0.017865060830361996 0.01786506083036221 -0.018877106559826037 -0.09780329743550915 -0.41072801998065034 0.004781549513274299 -0.003932248353124196 -0.020373188764499516 -0.08555784622141857 -0.49950198299354387 0.6637471906627185 0.08430176848935958 0.017865060830362198 0.004781549513274122 0.0009960340129123104
0.7167363087262233 0.7167363087262232 0.7167363087262231 0.7167363087262237 -0.3628670942622573 0.07170494316465471 0.07170494316465455 0.07170494316465478 -0.06091437983387695 -0.37393304996668036 0.01203708523854602 0.012037085238546146 -0.01482405132030005 -0.09099990409784323 -0.3929937437177745 0.002929330805134439 -0.003943189701628165 -0.024205925690258187 -0.10453612508141377 -0.4996103997883611 0.7167363087262233 0.07170494316465457 0.012037085238546082 0.002929330805134373 0.0007792004232775678
0.684163487424048 0.684163487424048 0.6841634874240479 0.6841634874240479 -0.3496781012189342 0.08071251538794633 0.08071251538794609 0.08071251538794628 -0.06592199316268549 -0.38348541480454557 0.015216079785951396 0.015216079785951391 -0.013578932582752909 -0.07899218977267641 -0.3796531553793592 0.0031342820760489397 -0.004204480941710034 -0.02445856140894321 -0.1175530143127775 -0.49951476196032424 0.684163487424048 0.08071251538794613 0.015216079785951346 0.003134282076048834 0.000970476079351584
0.702233624197707 0.7022336241977071 0.7022336241977072 0.7022336241977071 -0.34892718080705915 0.0739773619972502 0.0739773619972502 0.07397736199725018 -0.06829212967850465 -0.37512034177122255 0.014478870883903854 0.014478870883903854 -0.016589206843854246 -0.09112249054577067 -0.40454866987582416 0.003517140043651873 -0.0037986237117217624 -0.020865376899350353 -0.092634215993581 -0.4995973197605823 0.7022336241977071 0.07397736199725019 0.014478870883903623 0.0035171400436519785 0.0008053604788352257
0.7166600176097664 0.7166600176097662 0.7166600176097663 0.7166600176097668 -0.36270667198532264 0.07170017827693338 0.07170017827693337 0.07170017827693356 -0.06088767506629493 -0.37316760276056876 0.012036329889453723 0.01203632988945404 -0.014980474079775714 -0.09181213758745119 -0.3939878065748468 0.002961353471425585 -0.003936330292276216 -0.024124930657036022 -0.10352583833790305 -0.4996109313592603 0.7166600176097668 0.07170017827693384 0.012036329889453986 0.0029613534714255357 0.0007781372814793264
0.7507461664026227 0.7507461664026229 0.7507461664026228 0.7507461664026227 -0.3473139179460344 0.05765552285440975 0.057655522854409696 0.05765552285440983 -0.07869507245178496 -0.37871124752953184 0.013063702068450873 0.013063702068450872 -0.018064837020422435 -0.08693501068460717 -0.39396515852441455 0.0029988364124641717 -0.004746659261340049 -0.022842767589559828 -0.10351703512415603 -0.4996060176293211 0.7507461664026226 0.05765552285441011 0.013063702068450823 0.0029988364124643838 0.0007879647413578171
0.7007553756934165 0.7007553756934164 0.7007553756934164 0.7007553756934162 -0.34672475053867574 0.07403119641434888 0.0740311964143484 0.0740311964143485 -0.06785833364116334 -0.3658813846470383 0.014488823247646852 0.014488823247646788 -0.017744017274828622 -0.09567293007880545 -0.3938597333503954 0.003788627220905313 -0.004638735605259724 -0.025011327499417348 -0.10296491151202017 -0.4995047784356704 0.7007553756934165 0.07403119641434845 0.014488823247646925 0.0037886272209052274 0.0009904431286593888
0.7169243863344487 0.7169243863344483 0.7169243863344487 0.7169243863344488 -0.36326296028650346 0.07171668823460496 0.07171668823460513 0.07171668823460522 -0.06098027762270544 -0.3758324524372269 0.012038947090223698 0.012038947090223504 -0.015003228258187406 -0.09246760248678394 -0.4057559106502576 0.0029619916180180293 -0.003397371170048014 -0.020938611440549905 -0.09188045460599521 -0.49966463934441957 0.7169243863344487 0.07171668823460528 0.012038947090223556 0.0029619916180180367 0.0006707213111608092
0.7197882827898704 0.7197882827898705 0.7197882827898707 0.7197882827898704 -0.3456670216455178 0.06728363883805964 0.0672836388380597 0.06728363883805967 -0.07248449757273492 -0.3687684010783507 0.01410901373473669 0.0141090137347367 -0.01836803393327276 -0.09344826454413795 -0.3926027731249896 0.0035753140564242654 -0.004883578380687753 -0.02484544214685168 -0.10438277836356397 -0.49952470889117606 0.7197882827898702 0.06728363883805961 0.014109013734736565 0.0035753140564243426 0.0009505822176478239
0.7376928073969136 0.7376928073969135 0.7376928073969138 0.7376928073969137 -0.34291287873183657 0.06096610514950699 0.060966105149507156 0.06096610514950694 -0.07638056098746934 -0.36336205662000676 0.013579616285517147 0.013579616285517026 -0.020623230088611805 -0.09811003221585385 -0.3935616916728232 0.003666581490769963 -0.0054162361174353 -0.025766434146689863 -0.10336029029974107 -0.49951852665628765 0.7376928073969136 0.06096610514950705 0.013579616285517175 0.0036665814907699303 0.0009629466874246902
0.6832726641633704 0.6832726641633704 0.6832726641633705 0.6832726641633704 -0.34794948080312904 0.0806450468755789 0.08064504687557873 0.080645046875579 -0.06559943357942925 -0.37556619927403917 0.015204130737064463 0.015204130737064532 -0.015299589423748074 -0.08759235159207483 -0.39242538140692834 0.0035460208286771117 -0.004077379689971515 -0.02334358560132371 -0.1045823672558366 -0.4995274881924406 0.6832726641633707 0.080645046875579 0.015204130737064621 0.003546020828677149 0.0009450236151189393
0.7009012096463871 0.7009012096463872 0.7009012096463874 0.7009012096463869 -0.342173661678623 0.07300866861863166 0.07300866861863164 0.07300866861863162 -0.07235558485535853 -0.3727996502087948 0.015438315420003403 0.015438315420003486 -0.017377922918016115 -0.08953674547918583 -0.39252253955207617 0.0037078804060413357 -0.004619885827434819 -0.02380316355558762 -0.10435132702455202 -0.4995071337288551 0.7009012096463875 0.0730086686186317 0.015438315420003455 0.0037078804060412976 0.0009857325422897364
0.7119055313406402 0.71190553134064 0.71190553134064 0.7119055313406404 -0.34496616885747206 0.06980058501251829 0.06980058501251808 0.06980058501251836 -0.07228147956439138 -0.3723318269431781 0.014625461899278058 0.014625461899278104 -0.017556360554796386 -0.09043522406064242 -0.39261666530279554 0.003552360631403834 -0.004667854098135134 -0.024044757450136428 -0.1043882246784366 -0.49952775231860846 0.7119055313406403 0.06980058501251826 0.01462546189927815 0.0035523606314039344 0.0009444953627831606
0.7021920245247523 0.7021920245247523 0.7021920245247522 0.7021920245247524 -0.33112548584293783 0.0702171251758978 0.07021712517589766 0.07021712517589784 -0.08059369018961623 -0.373678556024594 0.01709037049209824 0.01709037049209838 -0.019545407142873967 -0.09062371385251367 -0.4050551571479852 0.004144719626371668 -0.004421880650086712 -0.020502373974314134 -0.09163818121146476 -0.49953115697764905 0.7021920245247524 0.07021712517589775 0.017090370492098116 0.0041447196263716965 0.0009376860447018971
0.7197882827898704 0.7197882827898705 0.7197882827898707 0.7197882827898704 -0.3456670216455178 0.06728363883805964 0.0672836388380597 0.06728363883805967 -0.07248449757273492 -0.3687684010783507 0.01410901373473669 0.0141090137347367 -0.01836803393327276 -0.09344826454413795 -0.3926027731249896 0.0035753140564242654 -0.004883578380687753 -0.02484544214685168 -0.10438277836356397 -0.49952470889117606 0.7197882827898702 0.06728363883805961 0.014109013734736565 0.0035753140564243426 0.0009505822176478239
0.6663428391356488 0.666342839135649 0.6663428391356487 0.6663428391356484 -0.3375731608355284 0.08451632989295067 0.08451632989295046 0.0845163298929503 -0.0677323768920044 -0.36520445993010997 0.016957781524069255 0.01695778152406899 -0.016498305176173515 -0.08895678710985659 -0.3705861744239545 0.00413058964608699 -0.005591747176107011 -0.030149997700095424 -0.12560224654664304 -0.4993000125545464 0.6663428391356485 0.08451632989295052 0.016957781524069123 0.004130589646087012 0.0013999748909070725
0.7105253962044545 0.7105253962044547 0.7105253962044542 0.7105253962044543 -0.34224045672715264 0.06971596029017356 0.06971596029017359 0.06971596029017377 -0.0738942577251551 -0.37203716501191425 0.015052601280700746 0.015052601280700786 -0.017610582678199566 -0.08866441663402741 -0.38516678339512694 0.0035873569548763628 -0.005107701671142749 -0.02571586626563717 -0.11171220505107896 -0.4994797688001519 0.7105253962044547 0.06971596029017366 0.015052601280700994 0.0035873569548763805 0.0010404623996962774
0.6580019560219363 0.6580019560219363 0.6580019560219365 0.6580019560219365 -0.32944720118002085 0.08561547375845391 0.08561547375845378 0.085615473758454 -0.07536743233043937 -0.38388587988907236 0.019586198947256685 0.019586198947256772 -0.015440989397654025 -0.07864906124554631 -0.39233802531499395 0.0040127450403109385 -0.004104040789204364 -0.020904033224283004 -0.10427902109001504 -0.4994667288184067 0.6580019560219362 0.08561547375845384 0.019586198947256675 0.004012745040310764 0.0010665423631865995
0.7014340765734887 0.7014340765734886 0.7014340765734887 0.701434076573489 -0.34806218046006215 0.07407645977691286 0.07407645977691288 0.07407645977691295 -0.06811777638104524 -0.3716434014197813 0.014497190460375836 0.014497190460375925 -0.016728659808869277 -0.09126980302152926 -0.3936259195980802 0.0035602830902670374 -0.004393756338495154 -0.02397187103574434 -0.10338523222960874 -0.4995324486069588 0.7014340765734884 0.07407645977691243 0.014497190460375843 0.0035602830902668253 0.0009351027860823532
0.719918972812091 0.719918972812091 0.7199189728120912 0.7199189728120908 -0.34593007813469157 0.06729121976095441 0.06729121976095452 0.06729121976095451 -0.07253925188785781 -0.3698673607099397 0.014110524203045618 0.014110524203045462 -0.018381888584939787 -0.09372664369749187 -0.3972913298744084 0.003575692842496593 -0.004615408938293884 -0.02353331580042889 -0.09975373022940101 -0.49955109931632996 0.7199189728120909 0.06729121976095435 0.014110524203045583 0.0035756928424966992 0.0008978013673399655
0.7000942336594631 0.7000942336594629 0.700094233659463 0.7000942336594631 -0.34061237563918934 0.07295561842238371 0.07295561842238363 0.0729556184223837 -0.07202824548789073 -0.36630075309918486 0.015427698960107088 0.015427698960107204 -0.018622383405291765 -0.09470441796346292 -0.3937389066442011 0.003988720302021486 -0.004867646118877026 -0.024754489396312855 -0.10291817213004854 -0.4994787004843884 0.7000942336594633 0.07295561842238393 0.015427698960107324 0.003988720302021476 0.0010425990312230473
0.6636702703066298 0.6636702703066301 0.6636702703066305 0.6636702703066305 -0.3340988413418144 0.08465602425391472 0.084656024253915 0.08465602425391493 -0.07004851365307631 -0.3675708544532428 0.01774932426269191 0.017749324262691744 -0.01769638904271297 -0.09285959832612782 -0.39643790188163225 0.004484020159991847 -0.004457256207335481 -0.023388897025873413 -0.09985230855401907 -0.49943529647083085 0.6636702703066308 0.08465602425391486 0.017749324262691966 0.004484020159991896 0.001129407058338536
0.7104893101206308 0.7104893101206308 0.7104893101206313 0.7104893101206311 -0.3596238514899631 0.07326989150917486 0.07326989150917519 0.07326989150917515 -0.06068450225303229 -0.3655025270892273 0.012363882089428195 0.012363882089428173 -0.016326680220151202 -0.0983355330914783 -0.3977118472758658 0.00332640363946725 -0.004086363098722634 -0.02461214945719626 -0.09954228261461859 -0.4995837214638712 0.7104893101206314 0.07326989150917526 0.012363882089428251 0.00332640363946735 0.0008325570722576736
0.6941956794064269 0.6941956794064265 0.6941956794064267 0.6941956794064267 -0.3426923808944516 0.07548074254915327 0.07548074254915339 0.07548074254915338 -0.06958646599019813 -0.36656176801048784 0.015326976662283286 0.015326976662283182 -0.017500620985517943 -0.09218830814941194 -0.38380270078854134 0.0038546519873315726 -0.00514468239228183 -0.027100727802916297 -0.11282702473763463 -0.4994334212419088 0.6941956794064268 0.0754807425491531 0.01532697666228315 0.0038546519873315535 0.001133157516182335
0.7156953172814047 0.715695317281405 0.7156953172814045 0.7156953172814048 -0.35259222116465067 0.07003232880441368 0.07003232880441362 0.07003232880441362 -0.06564292693218933 -0.36150598627471053 0.01303808412849954 0.013038084128499647 -0.01813816253562854 -0.09988973135562654 -0.3936003352846055 0.003602625600778472 -0.004763811820671254 -0.02623506554541539 -0.103375296486944 -0.4995269027281918 0.7156953172814047 0.0700323288044135 0.013038084128499388 0.0036026256007781147 0.000946194543616407
0.7008077217326377 0.7008077217326381 0.7008077217326378 0.700807721732638 -0.3419923373566322 0.07300252507973022 0.07300252507973021 0.0730025250797302 -0.07231756875710421 -0.3720361914192875 0.015437086011053518 0.015437086011053557 -0.017559921463854714 -0.09033664177755521 -0.3935122647226249 0.0037483840046578774 -0.00461144858950345 -0.023723499001010617 -0.10334109875392834 -0.49950781442369274 0.7008077217326382 0.07300252507973026 0.015437086011053666 0.003748384004657921 0.0009843711526145292
0.6579093983152217 0.6579093983152214 0.6579093983152215 0.6579093983152215 -0.32928140299669834 0.08560758788611934 0.08560758788611926 0.08560758788611933 -0.07532992479534119 -0.38318289331121835 0.0195845046172758 0.019584504617275848 -0.015603194001495166 -0.07936921533683758 -0.39332605400474185 0.004056566176015074 -0.004096660710536606 -0.020838601767394188 -0.10326881737913912 -0.4994674687992926 0.6579093983152215 0.08560758788611944 0.019584504617276018 0.004056566176014991 0.0010650624014147164
0.7164034788552264 0.7164034788552266 0.7164034788552266 0.7164034788552263 -0.36216788788458587 0.07168415292911683 0.07168415292911687 0.07168415292911678 -0.06079798573127453 -0.37061466630348955 0.012033789446103168 0.012033789446103164 -0.01548845355688415 -0.09441510236726403 -0.39676841225458825 0.003065640854832032 -0.003930541190752826 -0.02395994199942163 -0.10068885068665356 -0.4996110125645624 0.716403478855226 0.07168415292911673 0.012033789446102842 0.0030656408548319337 0.0007779748708749538
0.6836856553658066 0.6836856553658062 0.6836856553658063 0.6836856553658063 -0.3487496087072329 0.08067633352687226 0.08067633352687223 0.0806763335268721 -0.06574873821641775 -0.379200584533681 0.015209671927608196 0.015209671927608229 -0.014454288407221452 -0.08336395133539087 -0.3854843595860962 0.00334371412417426 -0.004184920796709507 -0.024136195695740634 -0.11160850453434956 -0.49951595061679005 0.683685655365806 0.08067633352687195 0.015209671927608056 0.0033437141241741248 0.0009680987664197263
0.7027180447849332 0.7027180447849333 0.702718044784933 0.702718044784933 -0.35060975157022034 0.07416200084641579 0.07416200084641587 0.07416200084641605 -0.06861195578904752 -0.38300399822724557 0.014513001707776196 0.01451300170777604 -0.01429186721918572 -0.07977971512590057 -0.37972193755876776 0.0030230575848482206 -0.004425567544504869 -0.024704295985696186 -0.1175833120350208 -0.4995319454999304 0.7027180447849327 0.07416200084641596 0.014513001707776032 0.0030230575848481218 0.0009361090001389832
0.7014340765734887 0.7014340765734886 0.7014340765734887 0.701434076573489 -0.34806218046006215 0.07407645977691286 0.07407645977691288 0.07407645977691295 -0.06811777638104524 -0.3716434014197813 0.014497190460375836 0.014497190460375925 -0.016728659808869277 -0.09126980302152926 -0.3936259195980802 0.0035602830902670374 -0.004393756338495154 -0.02397187103574434 -0.10338523222960874 -0.4995324486069588 0.7014340765734884 0.07407645977691243 0.014497190460375843 0.0035602830902668253 0.0009351027860823532
0.7010784267444284 0.7010784267444283 0.701078426744428 0.7010784267444279 -0.3473605565802423 0.07405274509876575 0.0740527450987658 0.07405274509876572 -0.06798167176740885 -0.36860375562471304 0.014492806726077005 0.014492806726076892 -0.017399449667290262 -0.09434164130457669 -0.3969033846556498 0.00370933598148182 -0.004384994997471725 -0.02377590286384475 -0.1000272646247267 -0.4995325880980789 0.7010784267444279 0.07405274509876535 0.014492806726076743 0.0037093359814819537 0.0009348238038423078
0.7015230012575775 0.7015230012575772 0.7015230012575772 0.7015230012575772 -0.34823788300018527 0.07408238787607932 0.07408238787607946 0.07408238787607924 -0.0681518598484996 -0.37241050040597773 0.01449828626419149 0.014498286264191638 -0.016554893279692125 -0.09046291772760011 -0.39263515840216756 0.0035218053091387682 -0.004401684136110853 -0.024052658216549765 -0.10439547503083503 -0.4995318038510486 0.7015230012575775 0.0740823878760793 0.014498286264191607 0.0035218053091387253 0.0009363922979028267
0.7000942336594631 0.7000942336594629 0.700094233659463 0.7000942336594631 -0.34061237563918934 0.07295561842238371 0.07295561842238363 0.0729556184223837 -0.07202824548789073 -0.36630075309918486 0.015427698960107088 0.015427698960107204 -0.018622383405291765 -0.09470441796346292 -0.3937389066442011 0.003988720302021486 -0.004867646118877026 -0.024754489396312855 -0.10291817213004854 -0.4994787004843884 0.7000942336594633 0.07295561842238393 0.015427698960107324 0.003988720302021476 0.0010425990312230473
0.7433285731301188 0.7433285731301181 0.7433285731301186 0.7433285731301182 -0.3572010031628548 0.061670770151542056 0.06167077015154222 0.06167077015154222 -0.07056179304412384 -0.3801199336133986 0.01218249691846708 0.012182496918466946 -0.01571462237643259 -0.08465546235133119 -0.38587057182579765 0.002713130299226473 -0.004551855224232108 -0.024521073388412487 -0.11177023132778682 -0.4996070609897354 0.7433285731301182 0.06167077015154246 0.012182496918467145 0.0027131302992264637 0.000785878020529367
0.704191516663085 0.7041915166630853 0.7041915166630852 0.7041915166630853 -0.35392294428026755 0.07433589221706796 0.07433589221706767 0.0743358922170679 -0.06704324463201296 -0.3860462423125436 0.014081368522130452 0.014081368522130457 -0.013280124643281195 -0.07646918409335024 -0.3730980111189108 0.0027892792204239495 -0.004425960346235059 -0.02548542168068796 -0.12434499274876365 -0.49953519866884605 0.7041915166630848 0.07433589221706784 0.014081368522130213 0.0027892792204238835 0.0009296026623077644
0.707576118935644 0.7075761189356438 0.7075761189356435 0.7075761189356436 -0.35543238844337766 0.07344575071366986 0.07344575071366992 0.07344575071366986 -0.06388376886238503 -0.3704345287786692 0.013200798562745376 0.013200798562745272 -0.015472950422876672 -0.08972099174457088 -0.3796141871923032 0.003197295734754561 -0.004790722955733545 -0.027779344146699213 -0.11753585135356795 -0.49950502788239687 0.7075761189356434 0.07344575071366966 0.013200798562745157 0.003197295734754372 0.000989944235206047
0.7168436951940128 0.7168436951940126 0.7168436951940129 0.7168436951940128 -0.3630930546594655 0.07171164951814636 0.07171164951814647 0.07171164951814661 -0.06095199434349714 -0.37501538342668395 0.012038148347101438 0.012038148347101447 -0.014420139620482868 -0.08872185803086262 -0.3866437555424784 0.002848008203948375 -0.0041356697903210445 -0.0254452673591447 -0.11088872517863478 -0.499591598216049 0.7168436951940126 0.07171164951814675 0.012038148347101495 0.002848008203948256 0.0008168035679018942
0.7011953810664027 0.7011953810664026 0.7011953810664022 0.7011953810664022 -0.34274499321308904 0.07302799608625571 0.0730279960862556 0.07302799608625551 -0.07247536845168054 -0.3752204223384986 0.015442183046999734 0.015442183046999633 -0.016947860534761792 -0.08774268449324316 -0.39262008338527005 0.0036110470387922455 -0.00450376790293305 -0.023316965898279314 -0.10433586740759958 -0.499520195551647 0.7011953810664023 0.07302799608625556 0.015442183046999883 0.003611047038792115 0.000959608896706243
0.6814453679654712 0.6814453679654711 0.6814453679654707 0.681445367965471 -0.34050943449912 0.07958881423980052 0.07958881423980024 0.07958881423980052 -0.06964152079323324 -0.3711924195229898 0.016277628459672403 0.01627762845967262 -0.017058896055279306 -0.09092467868343279 -0.39568896789008734 0.00398725313228641 -0.004354173181173771 -0.023207937732156157 -0.10099705669641865 -0.49949113967870795 0.6814453679654707 0.07958881423980058 0.016277628459672486 0.003987253132286357 0.0010177206425840265
0.7015230012575775 0.7015230012575772 0.7015230012575772 0.7015230012575772 -0.34823788300018527 0.07408238787607932 0.07408238787607946 0.07408238787607924 -0.0681518598484996 -0.37241050040597773 0.01449828626419149 0.014498286264191638 -0.016554893279692125 -0.09046291772760011 -0.39263515840216756 0.0035218053091387682 -0.004401684136110853 -0.024052658216549765 -0.10439547503083503 -0.4995318038510486 0.7015230012575775 0.0740823878760793 0.014498286264191607 0.0035218053091387253 0.0009363922979028267
0.7008077217326377 0.7008077217326381 0.7008077217326378 0.700807721732638 -0.3419923373566322 0.07300252507973022 0.07300252507973021 0.0730025250797302 -0.07231756875710421 -0.3720361914192875 0.015437086011053518 0.015437086011053557 -0.017559921463854714 -0.09033664177755521 -0.3935122647226249 0.0037483840046578774 -0.00461144858950345 -0.023723499001010617 -0.10334109875392834 -0.49950781442369274 0.7008077217326382 0.07300252507973026 0.015437086011053666 0.003748384004657921 0.0009843711526145292
0.7014340765734887 0.7014340765734886 0.7014340765734887 0.701434076573489 -0.34806218046006215 0.07407645977691286 0.07407645977691288 0.07407645977691295 -0.06811777638104524 -0.3716434014197813 0.014497190460375836 0.014497190460375925 -0.016728659808869277 -0.09126980302152926 -0.3936259195980802 0.0035602830902670374 -0.004393756338495154 -0.02397187103574434 -0.10338523222960874 -0.4995324486069588 0.7014340765734884 0.07407645977691243 0.014497190460375843 0.0035602830902668253 0.0009351027860823532
0.6676717315646769 0.6676717315646769 0.6676717315646771 0.6676717315646771 -0.34003942455768427 0.0846259530100027 0.08462595301000259 0.08462595301000257 -0.06822170820729552 -0.3757633714407983 0.01697840502030751 0.016978405020307716 -0.01602406762564302 -0.08826014231292738 -0.4012664127943496 0.003987925799135475 -0.003813581144095948 -0.02100510446930192 -0.09549772637895264 -0.49952545511580027 0.6676717315646769 0.08462595301000256 0.016978405020307532 0.003987925799135414 0.0009490897683992168
0.7015230012575775 0.7015230012575772 0.7015230012575772 0.7015230012575772 -0.34823788300018527 0.07408238787607932 0.07408238787607946 0.07408238787607924 -0.0681518598484996 -0.37241050040597773 0.01449828626419149 0.014498286264191638 -0.016554893279692125 -0.09046291772760011 -0.39263515840216756 0.0035218053091387682 -0.004401684136110853 -0.024052658216549765 -0.10439547503083503 -0.4995318038510486 0.7015230012575775 0.0740823878760793 0.014498286264191607 0.0035218053091387253 0.0009363922979028267
0.7014340765734887 0.7014340765734886 0.7014340765734887 0.701434076573489 -0.34806218046006215 0.07407645977691286 0.07407645977691288 0.07407645977691295 -0.06811777638104524 -0.3716434014197813 0.014497190460375836 0.014497190460375925 -0.016728659808869277 -0.09126980302152926 -0.3936259195980802 0.0035602830902670374 -0.004393756338495154 -0.02397187103574434 -0.10338523222960874 -0.4995324486069588 0.7014340765734884 0.07407645977691243 0.014497190460375843 0.0035602830902668253 0.0009351027860823532
0.7168428076481462 0.7168428076481459 0.7168428076481459 0.7168428076481457 -0.363091186375266 0.0717115940934349 0.07171159409343494 0.07171159409343478 -0.06095168333990414 -0.37500641439054705 0.012038139561077995 0.012038139561077847 -0.014833117765051518 -0.09126104485555744 -0.39767935716158875 0.0029295850745550463 -0.003726163868283519 -0.022925295498143684 -0.09989932496248484 -0.4996320357517964 0.7168428076481461 0.07171159409343479 0.012038139561077837 0.002929585074555227 0.0007359284964076338
0.6799152780806855 0.6799152780806856 0.6799152780806856 0.679915278080686 -0.34982812628480614 0.08234455242535292 0.08234455242535291 0.08234455242535296 -0.06325740672766413 -0.3731037546365107 0.014889891501569158 0.014889891501569328 -0.015158736726314008 -0.08940900173924965 -0.3914111097763333 0.0035681504638249697 -0.0040883721409182465 -0.0241139666489165 -0.1055651473963217 -0.49951882774883266 0.6799152780806854 0.08234455242535306 0.014889891501569281 0.0035681504638249576 0.0009623445023345544
0.7107638662913238 0.7107638662913235 0.7107638662913235 0.7107638662913239 -0.3427094945114343 0.06973059118421314 0.06973059118421313 0.06973059118421326 -0.0739947356718453 -0.37399771399803644 0.01505559882510123 0.015055598825101265 -0.017634489057361716 -0.08913145692182226 -0.393609134182106 0.0035880632631857946 -0.004631576438575406 -0.023409759958011856 -0.10337871349467467 -0.49952881001497024 0.7107638662913237 0.0697305911842131 0.015055598825101133 0.0035880632631855674 0.0009423799700593066
0.6658204057760314 0.6658204057760316 0.6658204057760315 0.6658204057760316 -0.33660926987986134 0.08447319145270929 0.08447319145270939 0.08447319145270951 -0.06754112447805766 -0.3611967206705509 0.016949664936448523 0.016949664936448536 -0.01821864602142698 -0.097429754817524 -0.39338667453707005 0.00457202849442162 -0.0047600717989011365 -0.025455932769938728 -0.10278199671507658 -0.499402722247458 0.6658204057760313 0.0844731914527092 0.01694966493644865 0.004572028494421627 0.0011945555050837894
0.7014340765734887 0.7014340765734886 0.7014340765734887 0.701434076573489 -0.34806218046006215 0.07407645977691286 0.07407645977691288 0.07407645977691295 -0.06811777638104524 -0.3716434014197813 0.014497190460375836 0.014497190460375925 -0.016728659808869277 -0.09126980302152926 -0.3936259195980802 0.0035602830902670374 -0.004393756338495154 -0.02397187103574434 -0.10338523222960874 -0.4995324486069588 0.7014340765734884 0.07407645977691243 0.014497190460375843 0.0035602830902668253 0.0009351027860823532
