264.086734921224
1.85940693952831
150.758933804384
0.321003174196561
334.401688021731
97.2337720734087
510.727696069112
59.2663379040846
579.190179935056
167.01676122249
264.086734921224
1.74065532033124
142.016960026032
0.333700298292353
276.640125172242
97.2337720734087
483.205258579912
70.1280726591127
602.165973606651
162.879872279327
264.086734921224
1.79001822303334
150.758933804384
0.321003174196561
334.401688021731
83.0222311012922
517.529644143536
64.3219789028733
579.190179935056
185.425286350428
264.086734921224
1.85940693952831
150.758933804384
0.321003174196561
337.752091437031
83.0222311012922
517.529644143536
64.3219789028733
579.190179935056
185.425286350428
264.086734921224
1.62597029686895
150.758933804384
0.321003174196561
334.401688021731
94.4105087705483
469.25808088779
64.3219789028733
629.621633380737
185.425286350428
240.171371440187
2.06560623109851
150.758933804384
0.321003174196561
344.255004803686
85.422496101428
416.435067122842
72.2361991972425
579.190179935056
185.425286350428
256.839882886035
1.98130176899324
137.467349738287
0.321003174196561
334.401688021731
83.0222311012922
587.141854790871
52.4984191781989
549.529545343557
206.765625433253
318.640553476468
1.49320836622372
143.583235953996
0.321003174196561
338.865883355701
84.7328563975059
510.727696069112
68.1694155227005
579.190179935056
167.01676122249
264.086734921224
1.74727279376952
142.58664542423
0.321003174196561
383.029256103926
92.0341624678916
409.475677646702
57.1970454590157
465.805318769291
149.665591748119
259.028054672308
1.82569302067021
129.984719278698
0.291022598680413
370.704872536057
97.184789782343
548.420071671466
81.8752248279482
579.190179935056
179.985266648547
253.6615823944
2.1529824333055
136.636408977413
0.349693358865598
300.15269518813
83.4146524150479
572.744008390727
67.1922140830446
561.783235526091
124.902296510225
239.154827782189
1.85940693952831
150.758933804384
0.321003174196561
334.401688021731
97.2337720734087
510.727696069112
59.2663379040846
579.190179935056
167.01676122249
235.754681992129
2.11052752268494
180.05737224283
0.33437270416843
277.209509319521
83.0222311012922
416.577192463129
64.3219789028733
578.325493653522
185.425286350428
258.847156755774
2.00831201102746
156.122160687209
0.37095236407113
355.779476035382
104.155128539698
468.682170008264
68.5515187317478
561.783235526091
134.254347686134
264.086734921224
1.90263098730069
152.738664831168
0.321003174196561
334.401688021731
83.0222311012922
517.529644143536
64.3219789028733
579.190179935056
185.425286350428
264.086734921224
1.85940693952831
150.758933804384
0.321003174196561
337.752091437031
83.0222311012922
517.529644143536
64.3219789028733
579.190179935056
185.425286350428
263.421193123495
1.85940693952831
150.758933804384
0.321003174196561
334.401688021731
97.2337720734087
510.727696069112
59.2663379040846
579.190179935056
159.000874364453
264.086734921224
1.85940693952831
150.758933804384
0.297139140061975
334.401688021731
95.0033858351347
517.529644143536
64.9376288972052
579.190179935056
211.147100491801
264.086734921224
1.85940693952831
150.758933804384
0.297139140061975
334.401688021731
95.0033858351347
517.529644143536
64.9376288972052
579.190179935056
201.915755748802
264.086734921224
1.85940693952831
150.758933804384
0.291022598680413
370.704872536057
97.184789782343
548.420071671466
71.1192859942219
579.190179935056
179.985266648547
264.086734921224
1.98130176899324
154.210428013698
0.297139140061975
334.401688021731
95.0033858351347
517.529644143536
64.9376288972052
579.190179935056
201.915755748802
267.79550644649
1.85940693952831
150.758933804384
0.321003174196561
334.401688021731
97.2337720734087
510.727696069112
59.2663379040846
579.190179935056
159.000874364453
264.086734921224
1.67925783688335
138.823189985715
0.297139140061975
334.401688021731
95.0033858351347
517.529644143536
64.9376288972052
579.190179935056
211.147100491801
311.818864012867
1.91270485644034
155.661098867958
0.361919956321782
391.427842026763
83.0128998848258
681.528065549866
57.2388737312843
568.655124180107
247.995221399729
264.086734921224
1.85940693952831
150.758933804384
0.321003174196561
334.401688021731
97.2337720734087
510.727696069112
59.2663379040846
579.190179935056
167.01676122249
264.086734921224
1.85940693952831
153.574887152743
0.370419493124933
324.216964801941
105.77337614502
478.021075257066
49.6027976012555
485.373586115416
193.916319571694
264.086734921224
1.85940693952831
150.758933804384
0.321003174196561
334.401688021731
83.0222311012922
506.83389253399
75.1242137407898
535.514226667614
183.018973906091
264.086734921224
1.74727279376952
142.58664542423
0.321003174196561
334.401688021731
83.0222311012922
517.529644143536
64.3219789028733
579.190179935056
185.425286350428
263.421193123495
1.85940693952831
150.758933804384
0.321003174196561
334.401688021731
111.526970642331
510.727696069112
54.3628659120392
579.190179935056
167.01676122249
216.044299369181
2.13011838019112
142.1941353732
0.333700298292353
276.640125172242
97.2337720734087
483.205258579912
70.1280726591127
602.165973606651
162.879872279327
264.086734921224
1.51560292904045
150.758933804384
0.31600700989932
286.645450522676
81.0817267376299
510.727696069112
59.2663379040846
581.385612606154
159.000874364453
222.087942230046
1.80587212290024
183.163803962242
0.297139140061975
334.401688021731
95.0033858351347
517.529644143536
64.9376288972052
579.190179935056
201.915755748802
264.086734921224
1.98130176899324
154.210428013698
0.297139140061975
334.401688021731
95.0033858351347
517.529644143536
64.9376288972052
579.190179935056
201.915755748802
263.421193123495
1.85940693952831
150.758933804384
0.321003174196561
334.401688021731
83.0222311012922
517.529644143536
64.3219789028733
579.190179935056
185.425286350428
196.266385343314
2.30668876792571
150.758933804384
0.321003174196561
296.263386849219
101.738528273123
440.506519682931
82.4152052222104
633.84732931363
186.87560263153
276.25344603474
2.4422249488919
180.05737224283
0.321003174196561
297.608509114752
97.2337720734087
510.727696069112
59.2663379040846
579.190179935056
167.01676122249
264.086734921224
1.85940693952831
150.758933804384
0.262177482285039
334.401688021731
97.2577869205514
495.420633935418
69.2593902710784
433.796250700167
161.938592375127
285.090815099466
1.74881052147941
163.606724338554
0.317496831029156
334.401688021731
83.0222311012922
575.589729214799
71.6671561591318
659.78510693425
150.686197596402
264.086734921224
1.85940693952831
150.758933804384
0.321003174196561
334.401688021731
97.2337720734087
510.727696069112
59.2663379040846
579.190179935056
167.01676122249
301.149549811549
1.85940693952831
150.758933804384
0.321003174196561
272.212250043826
93.1715840024359
510.727696069112
58.8252840129742
579.190179935056
159.000874364453
253.6615823944
2.00831201102746
150.758933804384
0.313079094812374
320.256619895854
85.4804450436182
517.529644143536
64.3219789028733
579.190179935056
185.425286350428
241.121782687045
1.79001822303334
133.020896790956
0.333700298292353
276.640125172242
97.2337720734087
483.205258579912
70.1280726591127
602.165973606651
162.879872279327
263.421193123495
1.85940693952831
150.758933804384
0.321003174196561
334.401688021731
83.0222311012922
517.529644143536
64.3219789028733
579.190179935056
185.425286350428
267.79550644649
1.85940693952831
150.758933804384
0.370419493124933
340.070176056586
78.6312974787525
430.087116000457
52.8639892759586
504.374527808814
176.383881877156
264.086734921224
1.98130176899324
154.210428013698
0.313079094812374
320.256619895854
85.4804450436182
517.529644143536
64.3219789028733
579.190179935056
185.425286350428
264.086734921224
1.85940693952831
150.758933804384
0.321003174196561
334.401688021731
83.0222311012922
517.529644143536
64.3219789028733
579.190179935056
185.425286350428
264.086734921224
1.85940693952831
150.758933804384
0.297139140061975
334.401688021731
95.0033858351347
517.529644143536
64.9376288972052
579.190179935056
201.915755748802
222.805591676441
1.94183164378556
158.851574862197
0.321003174196561
334.401688021731
92.5215226716164
517.529644143536
61.2609508811894
579.190179935056
185.425286350428
270.724279970552
1.49320836622372
143.128394271977
0.319006810325661
317.922846155618
81.6671065846841
477.28478039226
44.2076156982215
535.612131201743
239.821603949387
264.086734921224
1.85940693952831
150.758933804384
0.319006810325661
317.922846155618
81.6671065846841
477.28478039226
44.2076156982215
535.612131201743
239.821603949387
264.086734921224
1.74727279376952
122.513188909094
0.297139140061975
334.401688021731
106.315286944989
542.375084022213
53.7004515716051
579.190179935056
201.915755748802
264.086734921224
1.85940693952831
150.758933804384
0.321003174196561
334.401688021731
83.0222311012922
517.529644143536
64.3219789028733
579.190179935056
185.425286350428
228.567409473172
1.65474039957578
134.937685454861
0.311117597759638
328.670369115508
106.577790803528
587.463876159401
62.7110652853029
527.983517477647
189.885741613994
264.086734921224
1.79001822303334
141.218798817664
0.33437270416843
277.209509319521
83.0222311012922
416.577192463129
64.3219789028733
578.325493653522
185.425286350428
239.154827782189
1.85940693952831
150.758933804384
0.361356271465374
393.628719612468
106.336041833019
510.727696069112
59.2663379040846
615.803894596539
167.01676122249
276.25344603474
2.10172419840666
180.05737224283
0.188739067369817
334.401688021731
97.2577869205514
408.324930647201
69.2593902710784
433.796250700167
161.938592375127
263.421193123495
1.85940693952831
150.758933804384
0.321003174196561
334.401688021731
83.0222311012922
587.141854790871
52.4984191781989
568.655124180107
206.765625433253
251.676528080766
2.00831201102746
150.758933804384
0.37095236407113
355.779476035382
114.542656177819
667.648017140588
59.2663379040846
561.783235526091
134.254347686134
264.086734921224
1.74727279376952
122.513188909094
0.321003174196561
334.401688021731
83.0222311012922
506.83389253399
75.1242137407898
535.514226667614
183.018973906091
263.421193123495
1.85940693952831
150.758933804384
0.297139140061975
334.401688021731
95.0033858351347
517.529644143536
64.9376288972052
579.190179935056
211.147100491801
222.805591676441
1.94183164378556
158.851574862197
0.321003174196561
383.029256103926
92.0341624678916
409.475677646702
57.1970454590157
465.805318769291
149.665591748119
264.086734921224
1.85940693952831
122.899641582437
0.253660030749492
334.401688021731
108.416476936646
495.420633935418
73.4629894134472
433.796250700167
152.973845574754
312.214945944848
1.49320836622372
143.583235953996
0.321003174196561
334.401688021731
97.2337720734087
510.727696069112
59.2663379040846
579.190179935056
167.01676122249
263.421193123495
1.85940693952831
150.758933804384
0.299933553493525
276.556727648462
99.6936292876702
510.727696069112
59.2663379040846
579.190179935056
167.01676122249
216.228068175352
1.90263098730069
167.813937353361
0.297139140061975
334.401688021731
106.315286944989
542.375084022213
53.7004515716051
579.190179935056
201.915755748802
264.086734921224
1.85940693952831
150.758933804384
0.321003174196561
334.401688021731
83.0222311012922
517.529644143536
64.3219789028733
579.190179935056
185.425286350428
264.086734921224
1.85940693952831
150.758933804384
0.321003174196561
356.414294451355
73.170729560602
506.83389253399
75.1242137407898
610.106213153632
201.305201893469
264.086734921224
1.85940693952831
150.758933804384
0.297139140061975
334.401688021731
95.0033858351347
517.529644143536
64.9376288972052
579.190179935056
211.147100491801
264.086734921224
1.98130176899324
154.210428013698
0.370419493124933
324.216964801941
105.77337614502
478.021075257066
49.6027976012555
485.373586115416
193.916319571694
264.086734921224
1.85940693952831
150.758933804384
0.321003174196561
334.401688021731
83.0222311012922
517.529644143536
64.3219789028733
579.190179935056
185.425286350428
263.421193123495
2.2236397222703
137.650626677305
0.291157597746335
334.401688021731
100.09926027019
510.727696069112
60.8619366891829
548.487809622031
137.236342639521
263.421193123495
1.85940693952831
150.758933804384
0.321003174196561
334.401688021731
97.2337720734087
510.727696069112
59.2663379040846
579.190179935056
167.01676122249
264.086734921224
1.98130176899324
154.210428013698
0.321003174196561
334.401688021731
83.0222311012922
520.456105320053
64.3219789028733
579.190179935056
185.425286350428
216.228068175352
1.90263098730069
167.813937353361
0.321003174196561
334.401688021731
97.2337720734087
510.727696069112
59.2663379040846
579.190179935056
159.000874364453
264.086734921224
1.85940693952831
150.758933804384
0.321003174196561
334.401688021731
83.0222311012922
517.529644143536
64.3219789028733
579.190179935056
185.425286350428
276.25344603474
2.4422249488919
180.05737224283
0.219769901998059
334.401688021731
97.2577869205514
495.420633935418
69.2593902710784
433.796250700167
161.938592375127
264.086734921224
1.85940693952831
150.758933804384
0.321003174196561
334.401688021731
83.0222311012922
517.529644143536
64.3219789028733
579.190179935056
185.425286350428
314.145173507262
1.78533274935381
138.195107915322
0.370419493124933
324.216964801941
105.77337614502
491.30026882212
48.8819378198965
485.373586115416
193.916319571694
264.086734921224
1.74972141975829
140.373566114802
0.33437270416843
277.209509319521
83.0222311012922
416.577192463129
63.6314551793098
578.325493653522
185.425286350428
264.086734921224
1.85940693952831
150.758933804384
0.321003174196561
334.401688021731
83.0222311012922
517.529644143536
64.3219789028733
579.190179935056
185.425286350428
272.519699884316
1.74509871109981
150.758933804384
0.296440364876651
322.469244036344
88.7470565775095
473.353114348279
73.1547271250952
487.392926380959
197.513873865551
276.25344603474
2.31908874103289
180.05737224283
0.370419493124933
384.944215454095
97.2337720734087
425.441832441395
63.1958332775378
504.374527808814
176.383881877156
225.254243714889
1.98130176899324
144.583477754143
0.264922809942048
320.256619895854
80.8424127523136
444.209869469251
57.5019555792834
469.202833294614
185.425286350428
264.086734921224
1.90263098730069
152.738664831168
0.333700298292353
276.640125172242
97.2337720734087
483.205258579912
70.1280726591127
602.165973606651
162.879872279327
264.086734921224
1.90263098730069
152.738664831168
0.297139140061975
334.401688021731
95.0033858351347
517.529644143536
64.9376288972052
579.190179935056
211.147100491801
263.421193123495
1.85940693952831
150.758933804384
0.321003174196561
297.608509114752
97.2337720734087
510.727696069112
59.2663379040846
579.190179935056
167.01676122249
264.086734921224
1.83628228462595
172.172937459075
0.321003174196561
334.401688021731
83.0222311012922
612.139250796117
64.3219789028733
579.190179935056
149.674581374555
264.086734921224
1.98130176899324
154.210428013698
0.321003174196561
334.401688021731
83.0222311012922
517.529644143536
64.3219789028733
579.190179935056
185.425286350428
264.086734921224
1.85940693952831
150.758933804384
0.321003174196561
334.401688021731
83.0222311012922
517.529644143536
64.3219789028733
579.190179935056
185.425286350428
253.6615823944
2.00831201102746
150.758933804384
0.37095236407113
355.779476035382
97.2337720734087
560.624804789234
59.2663379040846
561.783235526091
134.254347686134
282.43629237733
2.11818921732707
150.758933804384
0.321003174196561
334.401688021731
83.0222311012922
497.727312304819
75.1242137407898
495.106826850253
183.018973906091
264.086734921224
1.90263098730069
152.738664831168
0.313079094812374
313.740681724461
85.4804450436182
517.529644143536
64.3219789028733
579.190179935056
185.425286350428
264.086734921224
1.79001822303334
150.758933804384
0.321003174196561
334.401688021731
83.0222311012922
517.529644143536
64.3219789028733
579.190179935056
185.425286350428
216.228068175352
1.90263098730069
167.813937353361
0.321003174196561
383.632622801651
97.4190406602358
491.023872693624
61.4116962195922
583.358931372723
163.476922801504
264.086734921224
1.85940693952831
136.010008289633
0.441811979356689
420.481398537708
97.2337720734087
425.441832441395
52.6777195481929
504.374527808814
176.383881877156
264.086734921224
1.85940693952831
150.758933804384
0.321003174196561
370.704872536057
81.3519702128652
498.623206776985
71.1192859942219
579.190179935056
179.985266648547
259.028054672308
2.09291719141634
129.984719278698
0.291022598680413
370.704872536057
97.184789782343
548.420071671466
71.1192859942219
579.190179935056
179.985266648547
264.086734921224
1.85940693952831
150.758933804384
0.321003174196561
334.401688021731
97.2337720734087
510.727696069112
59.2663379040846
579.190179935056
167.01676122249
264.086734921224
1.85940693952831
150.758933804384
0.321003174196561
334.401688021731
97.2337720734087
510.727696069112
59.2663379040846
579.190179935056
167.01676122249
264.086734921224
1.98130176899324
154.210428013698
0.321003174196561
334.401688021731
97.2337720734087
510.727696069112
59.2663379040846
579.190179935056
167.01676122249
264.086734921224
1.85940693952831
150.758933804384
0.297139140061975
334.401688021731
95.0033858351347
517.529644143536
64.9376288972052
579.190179935056
211.147100491801
264.086734921224
1.85940693952831
150.758933804384
0.33437270416843
277.209509319521
83.0222311012922
416.577192463129
64.3219789028733
578.325493653522
185.425286350428
222.087942230046
1.80587212290024
183.163803962242
0.404960637681024
356.151028616629
105.77337614502
400.787608908413
46.998418972421
485.373586115416
193.916319571694
264.086734921224
1.85940693952831
150.758933804384
0.321003174196561
334.401688021731
83.0222311012922
517.529644143536
64.3219789028733
579.190179935056
185.425286350428
264.086734921224
1.85940693952831
150.758933804384
0.313079094812374
320.256619895854
85.4804450436182
517.529644143536
64.3219789028733
579.190179935056
185.425286350428
268.105306831285
1.51569809006634
180.649755573025
0.313079094812374
320.256619895854
85.4804450436182
517.529644143536
64.3219789028733
579.190179935056
185.425286350428
264.086734921224
1.85940693952831
150.758933804384
0.321003174196561
334.401688021731
83.0222311012922
520.456105320053
64.3219789028733
481.827572509907
185.425286350428
264.086734921224
1.85940693952831
150.758933804384
0.321003174196561
370.704872536057
81.3519702128652
498.623206776985
71.1192859942219
579.190179935056
179.985266648547
264.086734921224
1.85940693952831
150.758933804384
0.321003174196561
334.401688021731
83.0222311012922
520.456105320053
64.3219789028733
579.190179935056
185.425286350428
241.121782687045
1.79001822303334
133.020896790956
0.31700778305569
274.742318917771
92.1322929126716
525.993178363443
64.5624233778892
665.008161917537
185.425286350428
264.086734921224
1.85940693952831
150.758933804384
0.321003174196561
334.401688021731
83.0222311012922
517.529644143536
64.3219789028733
579.190179935056
185.425286350428
264.086734921224
1.85940693952831
150.758933804384
0.321003174196561
334.401688021731
83.0222311012922
517.529644143536
64.3219789028733
579.190179935056
185.425286350428
264.086734921224
1.74727279376952
122.513188909094
0.297139140061975
334.401688021731
106.315286944989
517.529644143536
64.9376288972052
579.190179935056
201.915755748802
264.086734921224
1.85940693952831
150.758933804384
0.291022598680413
370.704872536057
97.184789782343
548.420071671466
81.8752248279482
579.190179935056
179.985266648547
264.086734921224
1.67925783688335
138.823189985715
0.321003174196561
334.401688021731
97.2337720734087
510.727696069112
59.2663379040846
579.190179935056
167.01676122249
235.754681992129
2.11052752268494
180.05737224283
0.321003174196561
334.401688021731
97.2577869205514
610.184063571835
69.2593902710784
531.319183561247
198.280839896941
263.421193123495
2.21795389361221
171.352214685501
0.264678724178037
331.276632920422
81.4005441242817
397.071209660815
45.8015162638142
558.675383060187
256.738158863498
264.086734921224
1.85940693952831
150.758933804384
0.370419493124933
384.944215454095
97.2337720734087
425.441832441395
52.8639892759586
504.374527808814
176.383881877156
264.086734921224
1.98130176899324
154.210428013698
0.310645300868269
334.401688021731
83.0222311012922
517.529644143536
64.3219789028733
579.190179935056
185.425286350428
260.627172654186
1.67122415809133
150.758933804384
0.326543856203782
284.438328853325
90.4851232649156
594.166258813674
56.9021687178642
682.689270857792
169.962895770834
239.154827782189
1.85940693952831
150.758933804384
0.277998509664745
224.387318832893
97.2337720734087
452.575894015723
75.8769910993816
525.037813236825
186.784024693016
263.421193123495
1.6010083645042
180.55112096314
0.321003174196561
383.029256103926
92.0341624678916
409.475677646702
57.1970454590157
465.805318769291
149.665591748119
264.086734921224
1.85940693952831
150.758933804384
0.321003174196561
334.401688021731
97.2337720734087
510.727696069112
59.2663379040846
579.190179935056
167.01676122249
264.086734921224
1.98130176899324
137.467349738287
0.321003174196561
334.401688021731
83.0222311012922
587.141854790871
52.4984191781989
568.655124180107
206.765625433253
264.086734921224
1.85940693952831
150.758933804384
0.361398351773571
316.875091173407
83.0222311012922
416.577192463129
64.3219789028733
578.325493653522
185.425286350428
219.317146972856
1.63188404738683
162.502852543383
0.313079094812374
320.256619895854
85.4804450436182
517.529644143536
64.3219789028733
579.190179935056
185.425286350428
264.086734921224
1.79001822303334
150.758933804384
0.321003174196561
334.401688021731
97.2337720734087
510.727696069112
59.2663379040846
579.190179935056
167.01676122249
263.421193123495
1.85940693952831
150.758933804384
0.321003174196561
334.401688021731
97.2337720734087
510.727696069112
59.2663379040846
579.190179935056
167.01676122249
260.818802172771
1.80775065805288
154.210428013698
0.269570353092695
394.453520644844
98.713411982494
611.65115139247
57.7566122771248
634.77571318182
185.425286350428
264.086734921224
1.85940693952831
150.758933804384
0.313079094812374
320.256619895854
85.4804450436182
517.529644143536
64.3219789028733
579.190179935056
185.425286350428
264.086734921224
1.85940693952831
142.58664542423
0.297139140061975
334.401688021731
95.0033858351347
517.529644143536
64.9376288972052
579.190179935056
211.147100491801
264.086734921224
1.85940693952831
150.758933804384
0.321003174196561
334.401688021731
97.2337720734087
510.727696069112
59.2663379040846
579.190179935056
167.01676122249
276.25344603474
2.31908874103289
180.05737224283
0.262177482285039
313.636502814054
97.2577869205514
543.056680123594
69.2593902710784
431.766019611585
161.938592375127
264.086734921224
1.85940693952831
150.758933804384
0.360789072869636
313.651716021082
83.0222311012922
517.529644143536
64.3219789028733
579.190179935056
185.425286350428
220.361756725703
2.04209100451767
212.557075626786
0.256119623648504
378.859931255447
69.2728697067519
472.824932813309
72.5474037335371
586.770340157758
192.779877410337
264.086734921224
1.85940693952831
150.758933804384
0.291022598680413
370.704872536057
97.184789782343
548.420071671466
71.1192859942219
579.190179935056
179.985266648547
222.805591676441
1.94183164378556
158.851574862197
0.299516126962265
360.944667759491
79.1462041707195
445.540634066191
64.3219789028733
579.190179935056
185.425286350428
264.086734921224
1.85940693952831
150.758933804384
0.313079094812374
320.256619895854
85.4804450436182
517.529644143536
64.3219789028733
579.190179935056
185.425286350428
264.086734921224
1.85940693952831
122.899641582437
0.219769901998059
334.401688021731
97.2577869205514
495.420633935418
69.2593902710784
433.796250700167
161.938592375127
264.086734921224
1.79001822303334
150.758933804384
0.321003174196561
334.401688021731
83.0222311012922
517.529644143536
64.3219789028733
579.190179935056
185.425286350428
264.086734921224
1.85940693952831
150.758933804384
0.325208893679554
334.401688021731
83.0222311012922
497.597108349813
64.3219789028733
579.190179935056
185.425286350428
264.086734921224
1.74727279376952
122.513188909094
0.361919956321782
391.427842026763
83.0128998848258
681.528065549866
57.2388737312843
568.655124180107
247.995221399729
263.421193123495
1.85940693952831
150.758933804384
0.321003174196561
297.608509114752
97.2337720734087
510.727696069112
59.2663379040846
579.190179935056
167.01676122249
264.086734921224
1.98130176899324
154.210428013698
0.321003174196561
334.401688021731
97.2337720734087
510.727696069112
54.3628659120392
579.190179935056
167.01676122249
264.086734921224
1.98130176899324
154.210428013698
0.313079094812374
310.161519874982
85.4804450436182
517.529644143536
64.3219789028733
579.190179935056
185.425286350428
264.086734921224
1.74727279376952
142.58664542423
0.297139140061975
334.401688021731
95.0033858351347
517.529644143536
64.9376288972052
579.190179935056
201.915755748802
264.086734921224
1.85940693952831
150.758933804384
0.297139140061975
334.401688021731
95.0033858351347
517.529644143536
64.9376288972052
579.190179935056
211.147100491801
263.421193123495
1.85940693952831
150.758933804384
0.321003174196561
334.401688021731
97.2337720734087
510.727696069112
54.3628659120392
579.190179935056
167.01676122249
219.317146972856
1.63188404738683
162.502852543383
0.277998509664745
224.387318832893
97.2337720734087
452.575894015723
75.8769910993816
525.037813236825
186.784024693016
264.086734921224
1.85940693952831
122.899641582437
0.33437270416843
277.209509319521
83.0222311012922
462.61876924873
64.3219789028733
560.886102581224
214.180437335475
264.086734921224
1.85940693952831
150.758933804384
0.333700298292353
276.640125172242
97.2337720734087
483.205258579912
70.1280726591127
602.165973606651
162.879872279327
264.086734921224
1.98130176899324
154.210428013698
0.313079094812374
310.161519874982
85.4804450436182
517.529644143536
64.3219789028733
579.190179935056
185.425286350428
264.086734921224
1.85940693952831
150.758933804384
0.321003174196561
334.401688021731
83.0222311012922
517.529644143536
64.3219789028733
579.190179935056
185.425286350428
264.086734921224
1.85940693952831
157.218320490798
0.370419493124933
384.944215454095
97.2337720734087
425.441832441395
52.8639892759586
504.374527808814
176.383881877156
235.754681992129
2.11052752268494
180.05737224283
0.33437270416843
277.209509319521
83.0222311012922
416.577192463129
64.3219789028733
578.325493653522
185.425286350428
264.086734921224
1.98130176899324
137.467349738287
0.321003174196561
370.704872536057
81.3519702128652
498.623206776985
71.1192859942219
579.190179935056
179.985266648547
264.086734921224
1.85940693952831
150.758933804384
0.321003174196561
334.401688021731
97.2337720734087
510.727696069112
59.2663379040846
579.190179935056
167.01676122249
268.105306831285
1.51569809006634
180.649755573025
0.311117597759638
328.670369115508
106.577790803528
587.463876159401
62.7110652853029
527.983517477647
189.885741613994
264.086734921224
1.85940693952831
150.758933804384
0.321003174196561
334.401688021731
97.2337720734087
510.727696069112
59.2663379040846
579.190179935056
167.01676122249
259.028054672308
1.93847727490234
129.984719278698
0.321003174196561
370.704872536057
81.3519702128652
498.623206776985
71.1192859942219
579.190179935056
179.985266648547
264.086734921224
1.90263098730069
152.738664831168
0.321003174196561
334.401688021731
97.2337720734087
510.727696069112
59.2663379040846
579.190179935056
167.01676122249
263.421193123495
2.2236397222703
137.650626677305
0.370419493124933
324.216964801941
105.77337614502
478.021075257066
49.6027976012555
485.373586115416
193.916319571694
263.421193123495
2.10864304046039
150.758933804384
0.321003174196561
389.060807463388
88.762954582447
510.727696069112
65.6215730203988
579.190179935056
167.01676122249
268.105306831285
1.51569809006634
180.649755573025
0.321003174196561
285.005221855867
80.1570854164326
418.271041778284
68.5859354330452
552.992303722965
193.129032761647
263.421193123495
1.85940693952831
150.758933804384
0.321003174196561
334.401688021731
97.2337720734087
510.727696069112
59.2663379040846
579.190179935056
167.01676122249
264.086734921224
1.85940693952831
150.758933804384
0.262177482285039
334.401688021731
97.2577869205514
495.420633935418
69.2593902710784
433.796250700167
161.938592375127
263.421193123495
1.85940693952831
150.758933804384
0.321003174196561
297.608509114752
97.2337720734087
510.727696069112
59.2663379040846
579.190179935056
167.01676122249
264.086734921224
1.84587333657516
157.218320490798
0.370419493124933
384.944215454095
97.2337720734087
425.441832441395
63.1958332775378
504.374527808814
176.383881877156
264.086734921224
2.11818921732707
150.758933804384
0.321003174196561
334.401688021731
83.0222311012922
506.83389253399
75.1242137407898
535.514226667614
183.018973906091
222.805591676441
1.94183164378556
158.851574862197
0.361919956321782
391.427842026763
83.0128998848258
681.528065549866
57.2388737312843
568.655124180107
247.995221399729
264.086734921224
1.90263098730069
152.738664831168
0.299933553493525
276.556727648462
99.6936292876702
510.727696069112
59.2663379040846
579.190179935056
167.01676122249
276.25344603474
2.4422249488919
180.05737224283
0.262177482285039
334.401688021731
97.2577869205514
495.420633935418
69.2593902710784
433.796250700167
161.938592375127
263.421193123495
1.85940693952831
150.758933804384
0.321003174196561
334.401688021731
97.2337720734087
510.727696069112
54.3628659120392
579.190179935056
167.01676122249
263.421193123495
2.2236397222703
137.650626677305
0.291157597746335
334.401688021731
98.4008542112539
510.727696069112
60.8619366891829
548.487809622031
137.236342639521
264.086734921224
1.85940693952831
150.758933804384
0.321003174196561
334.401688021731
97.2337720734087
510.727696069112
59.2663379040846
579.190179935056
167.01676122249
264.086734921224
1.85940693952831
150.758933804384
0.321003174196561
334.401688021731
92.5215226716164
517.529644143536
61.2609508811894
579.190179935056
185.425286350428
264.086734921224
1.85940693952831
150.758933804384
0.321003174196561
334.401688021731
83.0222311012922
519.24722895499
64.3219789028733
579.190179935056
185.425286350428
264.086734921224
1.79001822303334
150.758933804384
0.321003174196561
334.401688021731
97.2337720734087
510.727696069112
59.2663379040846
579.190179935056
167.01676122249
270.724279970552
1.49320836622372
143.128394271977
0.321003174196561
334.401688021731
83.0222311012922
506.83389253399
75.1242137407898
535.514226667614
183.018973906091
239.154827782189
1.85940693952831
150.758933804384
0.291022598680413
370.704872536057
97.184789782343
548.420071671466
81.8752248279482
579.190179935056
179.985266648547
264.086734921224
1.85940693952831
150.758933804384
0.321003174196561
297.608509114752
97.2337720734087
510.727696069112
59.2663379040846
579.190179935056
167.01676122249
264.086734921224
1.85940693952831
150.758933804384
0.33437270416843
277.209509319521
83.0222311012922
416.577192463129
64.3219789028733
578.325493653522
185.425286350428
217.48163026877
1.85940693952831
140.750528401048
0.288126870496388
350.054072903086
114.713684933258
467.791681348509
69.3963469326401
502.090633064538
169.869169875718
264.086734921224
1.85940693952831
150.758933804384
0.321003174196561
334.401688021731
97.2337720734087
510.727696069112
59.2663379040846
579.190179935056
167.01676122249
264.086734921224
1.74065532033124
142.016960026032
0.349870638641771
373.231883274297
99.5771804536116
566.29034595633
52.598294876645
504.153782125874
189.885741613994
264.086734921224
1.90263098730069
152.738664831168
0.313079094812374
320.256619895854
85.4804450436182
517.529644143536
64.3219789028733
579.190179935056
185.425286350428
264.086734921224
1.85940693952831
150.758933804384
0.333700298292353
302.67064209418
106.779366937066
483.205258579912
70.1280726591127
562.13136081331
182.549407233503
264.086734921224
1.90263098730069
152.738664831168
0.321003174196561
334.401688021731
83.0222311012922
517.529644143536
64.3219789028733
579.190179935056
185.425286350428
312.214945944848
1.49320836622372
143.583235953996
0.321003174196561
326.353168837086
86.1702481929271
431.75582142362
54.1433731701985
575.773076242599
215.97634799265
264.086734921224
1.98130176899324
154.210428013698
0.291157597746335
334.401688021731
98.4008542112539
510.727696069112
60.8619366891829
548.487809622031
137.236342639521
296.268712162754
1.90263098730069
153.42615022712
0.314914201187031
320.256619895854
90.0762346041954
517.529644143536
64.3219789028733
579.190179935056
185.425286350428
264.086734921224
1.60972485328418
136.893076119242
0.317058259622095
355.609638771833
77.5398956685495
513.138046815486
60.1416347866044
627.055383780966
152.734708552221
283.885428353182
1.55307644435008
180.119438670079
0.288186309123726
334.401688021731
84.1877939615259
570.48808701084
64.9376288972052
618.921291612178
221.077442177267
263.421193123495
1.85940693952831
150.758933804384
0.299933553493525
276.556727648462
99.6936292876702
510.727696069112
59.2663379040846
579.190179935056
167.01676122249
264.086734921224
1.85940693952831
150.758933804384
0.321003174196561
334.401688021731
83.0222311012922
517.529644143536
64.3219789028733
579.190179935056
185.425286350428
263.421193123495
1.85940693952831
150.758933804384
0.319006810325661
317.922846155618
81.6671065846841
477.28478039226
44.2076156982215
535.612131201743
239.821603949387
205.051949499945
1.84034393066268
179.972491163338
0.256119623648504
378.859931255447
76.2232908326268
406.249973063629
73.7150214167907
579.190179935056
194.647427027672
264.086734921224
1.98130176899324
154.210428013698
0.321003174196561
334.401688021731
83.0222311012922
517.529644143536
64.3219789028733
579.190179935056
185.425286350428
264.086734921224
1.85940693952831
150.758933804384
0.321003174196561
334.401688021731
97.2337720734087
510.727696069112
59.2663379040846
579.190179935056
159.000874364453
264.086734921224
1.74727279376952
122.513188909094
0.321003174196561
370.704872536057
81.3519702128652
498.623206776985
71.1192859942219
579.190179935056
179.985266648547
