0.6989568710205879 0.6989568710205878 0.6989568710205879 0.6989568710205877 -0.33982512410151894 0.07318192502776383 0.07318192502776386 0.07318192502776373 -0.07307790710931437 -0.36989137410600603 0.015737453001450703 0.01573745300145052 -0.018064596927407667 -0.09143582300673637 -0.392159881455399 0.003890242022256648 -0.004816344626660883 -0.024378425745811887 -0.10455683818630357 -0.49948139594989027 0.6989568710205881 0.07318192502776388 0.015737453001450526 0.00389024202225674 0.0010372081002195453
0.6989568710205879 0.6989568710205878 0.6989568710205879 0.6989568710205877 -0.33982512410151894 0.07318192502776383 0.07318192502776386 0.07318192502776373 -0.07307790710931437 -0.36989137410600603 0.015737453001450703 0.01573745300145052 -0.018064596927407667 -0.09143582300673637 -0.392159881455399 0.003890242022256648 -0.004816344626660883 -0.024378425745811887 -0.10455683818630357 -0.49948139594989027 0.6989568710205881 0.07318192502776388 0.015737453001450526 0.00389024202225674 0.0010372081002195453
0.6989568710205879 0.6989568710205878 0.6989568710205879 0.6989568710205877 -0.33982512410151894 0.07318192502776383 0.07318192502776386 0.07318192502776373 -0.07307790710931437 -0.36989137410600603 0.015737453001450703 0.01573745300145052 -0.018064596927407667 -0.09143582300673637 -0.392159881455399 0.003890242022256648 -0.004816344626660883 -0.024378425745811887 -0.10455683818630357 -0.49948139594989027 0.6989568710205881 0.07318192502776388 0.015737453001450526 0.00389024202225674 0.0010372081002195453
0.6989568710205879 0.6989568710205878 0.6989568710205879 0.6989568710205877 -0.33982512410151894 0.07318192502776383 0.07318192502776386 0.07318192502776373 -0.07307790710931437 -0.36989137410600603 0.015737453001450703 0.01573745300145052 -0.018064596927407667 -0.09143582300673637 -0.392159881455399 0.003890242022256648 -0.004816344626660883 -0.024378425745811887 -0.10455683818630357 -0.49948139594989027 0.6989568710205881 0.07318192502776388 0.015737453001450526 0.00389024202225674 0.0010372081002195453
0.6989568710205879 0.6989568710205878 0.6989568710205879 0.6989568710205877 -0.33982512410151894 0.07318192502776383 0.07318192502776386 0.07318192502776373 -0.07307790710931437 -0.36989137410600603 0.015737453001450703 0.01573745300145052 -0.018064596927407667 -0.09143582300673637 -0.392159881455399 0.003890242022256648 -0.004816344626660883 -0.024378425745811887 -0.10455683818630357 -0.49948139594989027 0.6989568710205881 0.07318192502776388 0.015737453001450526 0.00389024202225674 0.0010372081002195453
0.6989568710205879 0.6989568710205878 0.6989568710205879 0.6989568710205877 -0.33982512410151894 0.07318192502776383 0.07318192502776386 0.07318192502776373 -0.07307790710931437 -0.36989137410600603 0.015737453001450703 0.01573745300145052 -0.018064596927407667 -0.09143582300673637 -0.392159881455399 0.003890242022256648 -0.004816344626660883 -0.024378425745811887 -0.10455683818630357 -0.49948139594989027 0.6989568710205881 0.07318192502776388 0.015737453001450526 0.00389024202225674 0.0010372081002195453
0.6989568710205879 0.6989568710205878 0.6989568710205879 0.6989568710205877 -0.33982512410151894 0.07318192502776383 0.07318192502776386 0.07318192502776373 -0.07307790710931437 -0.36989137410600603 0.015737453001450703 0.01573745300145052 -0.018064596927407667 -0.09143582300673637 -0.392159881455399 0.003890242022256648 -0.004816344626660883 -0.024378425745811887 -0.10455683818630357 -0.49948139594989027 0.6989568710205881 0.07318192502776388 0.015737453001450526 0.00389024202225674 0.0010372081002195453
0.6989568710205879 0.6989568710205878 0.6989568710205879 0.6989568710205877 -0.33982512410151894 0.07318192502776383 0.07318192502776386 0.07318192502776373 -0.07307790710931437 -0.36989137410600603 0.015737453001450703 0.01573745300145052 -0.018064596927407667 -0.09143582300673637 -0.392159881455399 0.003890242022256648 -0.004816344626660883 -0.024378425745811887 -0.10455683818630357 -0.49948139594989027 0.6989568710205881 0.07318192502776388 0.015737453001450526 0.00389024202225674 0.0010372081002195453
0.3418809751803756 0.3418809751803754 0.3418809751803752 0.34188097518037525 -0.29970014769744446 0.2884605802309962 0.28846058023099636 0.28846058023099624 -0.016291703934709256 -0.3516773201470506 0.015680720900752225 0.01568072090075228 -0.003557339302102529 -0.07678973038246487 -0.28654660984832764 0.003423929440965946 -0.002595232470476401 -0.05602142072023435 -0.2090481123753976 -0.498751047888999 0.34188097518037475 0.28846058023099547 0.015680720900752045 0.003423929440965265 0.0024979042220014294
0.6989568710205879 0.6989568710205878 0.6989568710205879 0.6989568710205877 -0.33982512410151894 0.07318192502776383 0.07318192502776386 0.07318192502776373 -0.07307790710931437 -0.36989137410600603 0.015737453001450703 0.01573745300145052 -0.018064596927407667 -0.09143582300673637 -0.392159881455399 0.003890242022256648 -0.004816344626660883 -0.024378425745811887 -0.10455683818630357 -0.49948139594989027 0.6989568710205881 0.07318192502776388 0.015737453001450526 0.00389024202225674 0.0010372081002195453
0.6989568710205879 0.6989568710205878 0.6989568710205879 0.6989568710205877 -0.33982512410151894 0.07318192502776383 0.07318192502776386 0.07318192502776373 -0.07307790710931437 -0.36989137410600603 0.015737453001450703 0.01573745300145052 -0.018064596927407667 -0.09143582300673637 -0.392159881455399 0.003890242022256648 -0.004816344626660883 -0.024378425745811887 -0.10455683818630357 -0.49948139594989027 0.6989568710205881 0.07318192502776388 0.015737453001450526 0.00389024202225674 0.0010372081002195453
0.6989568710205879 0.6989568710205878 0.6989568710205879 0.6989568710205877 -0.33982512410151894 0.07318192502776383 0.07318192502776386 0.07318192502776373 -0.07307790710931437 -0.36989137410600603 0.015737453001450703 0.01573745300145052 -0.018064596927407667 -0.09143582300673637 -0.392159881455399 0.003890242022256648 -0.004816344626660883 -0.024378425745811887 -0.10455683818630357 -0.49948139594989027 0.6989568710205881 0.07318192502776388 0.015737453001450526 0.00389024202225674 0.0010372081002195453
0.6974232683251187 0.6974232683251187 0.6974232683251187 0.6974232683251188 -0.42521554294630615 0.09223977395465632 0.09223977395465643 0.09223977395465667 -0.019694247278263063 -0.4523380932895525 0.004272169602660594 0.004272169602660773 -0.001543260947339811 -0.03544566616355822 -0.3943126642390829 0.0003347714901232763 -0.0004125324874547668 -0.00947505919666422 -0.10540458792394759 -0.49995525574732275 0.6974232683251187 0.09223977395465661 0.004272169602660778 0.000334771490123261 8.948850535459852e-05
0.6952261098705389 0.6952261098705396 0.695226109870539 0.695226109870539 -0.33274573555956843 0.07293469765495653 0.07293469765495637 0.07293469765495642 -0.07156845719555159 -0.3422215422141306 0.015687124519901577 0.015687124519901667 -0.02494176695086691 -0.11926497071396461 -0.41701188561789604 0.00546699788197939 -0.004717079652884109 -0.02255583446693655 -0.07886683748324619 -0.4994830305222111 0.6952261098705392 0.0729346976549562 0.015687124519901664 0.00546699788197942 0.001033938955577693
0.5343942208331494 0.5343942208331489 0.5343942208331487 0.5343942208331488 -0.26127499191563736 0.11382153983442461 0.11382153983442418 0.11382153983442456 -0.10134453166610086 -0.4015099689334759 0.044149616323627294 0.04414961632362726 -0.008404127134600904 -0.0332957365262093 -0.24883128690677914 0.003661164370960524 -0.008298757063723586 -0.03287827804878644 -0.24571146614277362 -0.49819236946333956 0.534394220833149 0.11382153983442446 0.0441496163236274 0.003661164370960676 0.0036152610733208687
0.11154425388253451 0.11154425388253421 0.11154425388253456 0.11154425388253447 -0.15265693397284164 0.6079601837476752 0.6079601837476755 0.6079601837476752 -0.004875164558447128 -0.4309499876978021 0.0194154688137586 0.019415468813758503 -0.0005306659821547528 -0.04690928803317013 -0.4189563680976853 0.0021133909847615095 -0.00010063369388678123 -0.008895718005537357 -0.07944946221707194 -0.4997996118570101 0.11154425388253349 0.6079601837476741 0.01941546881375794 0.002113390984760939 0.0004007762859791216
0.6989568710205879 0.6989568710205878 0.6989568710205879 0.6989568710205877 -0.33982512410151894 0.07318192502776383 0.07318192502776386 0.07318192502776373 -0.07307790710931437 -0.36989137410600603 0.015737453001450703 0.01573745300145052 -0.018064596927407667 -0.09143582300673637 -0.392159881455399 0.003890242022256648 -0.004816344626660883 -0.024378425745811887 -0.10455683818630357 -0.49948139594989027 0.6989568710205881 0.07318192502776388 0.015737453001450526 0.00389024202225674 0.0010372081002195453
0.5142000723162611 0.5142000723162613 0.514200072316261 0.5142000723162609 -0.07376012647607541 0.03484311461354845 0.03484311461354853 0.034843114613548276 -0.2589441563555216 -0.36022788692582275 0.12232111507198354 0.12232111507198337 -0.005240361317350272 -0.007290082582458766 -0.06723489023386195 0.0024754636240496017 -0.032861579590810486 -0.04571509758571131 -0.42162067897576033 -0.49223835533663135 0.5142000723162607 0.03484311461354856 0.1223211150719835 0.0024754636240496945 0.015523289326737279
0.6997930729334771 0.6997930729334771 0.6997930729334773 0.6997930729334769 -0.34143708091675207 0.07323720454884061 0.07323720454884089 0.07323720454884067 -0.07342158272387397 -0.37664706989070257 0.015748703854339387 0.0157487038543393 -0.01814940097055319 -0.09310503045867394 -0.42270394114612003 0.0038929907312658086 -0.0031954752535548287 -0.016392542172321275 -0.07442339202842373 -0.4996572901892392 0.6997930729334771 0.07323720454884076 0.015748703854339286 0.0038929907312658897 0.0006854196215216261
0.05083450695519875 0.05083450695519858 0.050834506955198526 0.05083450695519857 -0.07064807767882669 0.6595590426576691 0.659559042657669 0.6595590426576688 -0.006097309567564095 -0.46825591444048437 0.056923497330703274 0.05692349733070329 -3.179991886813516e-05 -0.0024421427063381173 -0.4406901976207545 0.0002968789064662055 -4.265075258312761e-06 -0.0003275455662986835 -0.05910634131547822 -0.49998009097312623 0.05083450695519805 0.6595590426576696 0.0569234973307031 0.0002968789064669577 3.9818053747954815e-05
0.11175998710121189 0.11175998710121214 0.11175998710121154 0.1117599871012117 -0.1534177353979967 0.6096626118317715 0.6096626118317706 0.609662611831771 -0.004894444573030102 -0.44983493788486656 0.019449901630463083 0.019449901630463024 -0.00034555420121165013 -0.031758936140473606 -0.4162386844896684 0.0013731885449469112 -6.86648951640511e-05 -0.006310801642586706 -0.08271057198411684 -0.4998635672100807 0.111759987101211 0.6096626118317706 0.01944990163046296 0.0013731885449463782 0.000272865579838375
0.6659644805666212 0.6659644805666212 0.665964480566621 0.6659644805666208 -0.327088856274818 0.08203087341359998 0.08203087341359991 0.08203087341359988 -0.0698866964789387 -0.3410300424432407 0.017526939980314783 0.01752693998031464 -0.024326960785986184 -0.11870963841966878 -0.416644292509479 0.0061009777694663505 -0.004598454109959194 -0.022439335085258454 -0.0787570496839421 -0.4994233750252326 0.665964480566621 0.0820308734136 0.017526939980314793 0.006100977769466424 0.0011532499495347651
0.11150416516921335 0.11150416516921344 0.11150416516921316 0.1115041651692135 -0.1525158619344148 0.6076441533314563 0.6076441533314559 0.6076441533314564 -0.004871586252742121 -0.42759975702210357 0.019409069105229236 0.019409069105229496 -0.0005847639547377016 -0.05132720883683869 -0.433891632725593 0.002329779956449605 -8.688580535375567e-05 -0.0076263351053294385 -0.06446878888510674 -0.499826917505625 0.11150416516921209 0.6076441533314563 0.019409069105229323 0.0023297799564492975 0.0003461649887501965
0.689577579875083 0.689577579875083 0.6895775798750832 0.6895775798750832 -0.3223654562814528 0.07255852570039259 0.07255852570039274 0.07255852570039278 -0.08762669260117215 -0.38754494633043873 0.019723154274915364 0.0197231542749153 -0.01714589742595508 -0.07583084218381313 -0.39217866138950486 0.0038592256545976183 -0.004571506493008888 -0.02021831688371495 -0.10456421454193868 -0.4994855190515932 0.689577579875083 0.07255852570039267 0.019723154274915288 0.003859225654597693 0.0010289618968134823
0.6079463024739935 0.6079463024739936 0.6079463024739936 0.6079463024739933 -0.09661037559586212 0.031151151686915887 0.031151151686915804 0.031151151686915752 -0.3026502805340624 -0.4345044788400027 0.09758687655291576 0.09758687655291554 -0.007341555976208502 -0.010540016509114673 -0.4217359447984906 0.002367219073751777 -0.001331742972030119 -0.0019119370548401407 -0.07650202250831362 -0.4997852956937916 0.6079463024739935 0.031151151686915804 0.09758687655291559 0.002367219073751896 0.00042940861241694994
0.7198095577054363 0.7198095577054364 0.7198095577054361 0.7198095577054363 -0.28422268024356157 0.05531774177981883 0.05531774177981885 0.05531774177981885 -0.11042191867522333 -0.3485157467504629 0.021491216601270836 0.021491216601270957 -0.023641212648352977 -0.0746168421910968 -0.2828840476817392 0.004601246091700761 -0.017644711173310384 -0.05569057089878585 -0.21113161118784454 -0.4982829210258164 0.7198095577054361 0.055317741779818755 0.02149121660127091 0.0046012460917005 0.0034341579483670418
0.6989568710205879 0.6989568710205878 0.6989568710205879 0.6989568710205877 -0.33982512410151894 0.07318192502776383 0.07318192502776386 0.07318192502776373 -0.07307790710931437 -0.36989137410600603 0.015737453001450703 0.01573745300145052 -0.018064596927407667 -0.09143582300673637 -0.392159881455399 0.003890242022256648 -0.004816344626660883 -0.024378425745811887 -0.10455683818630357 -0.49948139594989027 0.6989568710205881 0.07318192502776388 0.015737453001450526 0.00389024202225674 0.0010372081002195453
0.7262796070179804 0.7262796070179807 0.7262796070179809 0.7262796070179808 -0.29516965107558385 0.055621796418396124 0.05562179641839625 0.05562179641839618 -0.11465467097010247 -0.3846753683372818 0.02160553682900221 0.021605536829002136 -0.024545281450056963 -0.08235133468923334 -0.42043325278352167 0.004625315112418662 -0.004444267214670921 -0.014910863319633722 -0.07612533289158294 -0.4995812609369856 0.7262796070179808 0.055621796418396444 0.021605536829002254 0.004625315112418739 0.000837478126028799
0.5191001012578386 0.5191001012578382 0.5191001012578385 0.5191001012578387 -0.2083677851728276 0.09651707498027388 0.096517074980274 0.09651707498027412 -0.04748167394401299 -0.13451659894867765 0.02199376588104598 0.02199376588104596 -0.10348977168796114 -0.2931887390881467 -0.44380015533582573 0.047937016969362735 -0.006492495196924047 -0.018393377908509284 -0.027842078786295535 -0.49849632071193045 0.5191001012578389 0.09651707498027402 0.02199376588104596 0.04793701696936291 0.0030073585761389438
0.7010691698126211 0.7010691698126211 0.7010691698126215 0.7010691698126215 -0.34391516339977185 0.07332147078768235 0.07332147078768265 0.07332147078768252 -0.07394990429151839 -0.3873933384857761 0.015765852524972087 0.015765852524972056 -0.014084452290173789 -0.07378269175204187 -0.3693867232778132 0.0030027543622847294 -0.00487368804798749 -0.025531260678922724 -0.12782006862846565 -0.4994804736547434 0.7010691698126211 0.07332147078768264 0.01576585252497206 0.0030027543622847125 0.0010390526905132227
0.8658025685821388 0.8658025685821389 0.8658025685821384 0.8658025685821389 -0.18495717890091298 0.014333971295236338 0.014333971295236057 0.014333971295236135 -0.21872292294023019 -0.3712768993964093 0.016950778108023756 0.016950778108023846 -0.046992496891397825 -0.07976863287210784 -0.3490649338491947 0.003641865136219738 -0.019825378508984227 -0.03365310303660892 -0.14726488047160122 -0.4992317778413532 0.8658025685821388 0.014333971295236133 0.016950778108023548 0.003641865136219515 0.001536444317293463
0.6989568710205879 0.6989568710205878 0.6989568710205879 0.6989568710205877 -0.33982512410151894 0.07318192502776383 0.07318192502776386 0.07318192502776373 -0.07307790710931437 -0.36989137410600603 0.015737453001450703 0.01573745300145052 -0.018064596927407667 -0.09143582300673637 -0.392159881455399 0.003890242022256648 -0.004816344626660883 -0.024378425745811887 -0.10455683818630357 -0.49948139594989027 0.6989568710205881 0.07318192502776388 0.015737453001450526 0.00389024202225674 0.0010372081002195453
0.4563198813302524 0.45631988133025236 0.4563198813302525 0.45631988133025253 -0.346552508895272 0.2064491564691649 0.20644915646916498 0.206449156469165 -0.02004512822646866 -0.3722462801981096 0.011941335605569809 0.011941335605569809 -0.004969064145262503 -0.09227756606202869 -0.3927230174577515 0.002960183738103124 -0.0013257421417214971 -0.02461957714523865 -0.10477817131102812 -0.4996051127320842 0.45631988133025264 0.206449156469165 0.011941335605569805 0.002960183738102997 0.0007897745358314312
0.2708131723800725 0.2708131723800726 0.2708131723800728 0.2708131723800726 -0.2837174420529143 0.381966319608441 0.3819663196084413 0.3819663196084409 -0.0035490061061058623 -0.22265105935866703 0.004777995990688359 0.004777995990688137 -0.003891948778334029 -0.2441659700091527 -0.4504581834766405 0.005239696721527362 -0.0003988685994536485 -0.02502348926942035 -0.0461654649094946 -0.4997315033403688 0.27081317238007235 0.38196631960844113 0.004777995990688341 0.005239696721527502 0.0005369933192625159
0.7010691698126211 0.7010691698126211 0.7010691698126215 0.7010691698126215 -0.34391516339977185 0.07332147078768235 0.07332147078768265 0.07332147078768252 -0.07394990429151839 -0.3873933384857761 0.015765852524972087 0.015765852524972056 -0.014084452290173789 -0.07378269175204187 -0.3693867232778132 0.0030027543622847294 -0.00487368804798749 -0.025531260678922724 -0.12782006862846565 -0.4994804736547434 0.7010691698126211 0.07332147078768264 0.01576585252497206 0.0030027543622847125 0.0010390526905132227
0.7560892194613916 0.756089219461392 0.7560892194613921 0.756089219461392 -0.37815177060520927 0.06099497992847839 0.06099497992847855 0.060994979928478646 -0.059587340174447015 -0.39224317227149624 0.009611296046862497 0.00961129604686242 -0.012156988738845836 -0.08002531769724174 -0.4000461793866758 0.001960893328437713 -0.0029886098827921633 -0.019673001306594273 -0.09834523918476576 -0.4997589721720419 0.756089219461392 0.060994979928478625 0.009611296046862243 0.0019608933284375758 0.0004820556559161481
0.73193655374907 0.7319365537490702 0.7319365537490704 0.7319365537490702 -0.3070675547564019 0.056230001451783175 0.056230001451783404 0.05623000145178333 -0.11347219180211694 -0.4093942166012189 0.020778950465254447 0.02077895046525449 -0.01657109493495546 -0.05978654612533763 -0.3966746884594223 0.003034487616216588 -0.004211222576301227 -0.01519359184111557 -0.10080718323348412 -0.49961442189526173 0.7319365537490701 0.05623000145178331 0.020778950465254253 0.003034487616216384 0.000771156209476554
0.5635697785130824 0.5635697785130822 0.5635697785130823 0.5635697785130823 -0.12209507939142679 0.047275408097513835 0.047275408097514016 0.04727540809751409 -0.2546756679691555 -0.42357728297936936 0.09861082195745084 0.09861082195745112 -0.010227139890088542 -0.017009807657865052 -0.420817092343097 0.003959964761759758 -0.0018527719021841683 -0.0030815354076259805 -0.07623618069483863 -0.49964130189265626 0.5635697785130822 0.0472754080975141 0.0986108219574508 0.0039599647617597645 0.0007173962146872247
0.6989568710205879 0.6989568710205878 0.6989568710205879 0.6989568710205877 -0.33982512410151894 0.07318192502776383 0.07318192502776386 0.07318192502776373 -0.07307790710931437 -0.36989137410600603 0.015737453001450703 0.01573745300145052 -0.018064596927407667 -0.09143582300673637 -0.392159881455399 0.003890242022256648 -0.004816344626660883 -0.024378425745811887 -0.10455683818630357 -0.49948139594989027 0.6989568710205881 0.07318192502776388 0.015737453001450526 0.00389024202225674 0.0010372081002195453
0.6975595682802552 0.6975595682802554 0.6975595682802553 0.697559568280255 -0.4255438165052284 0.0922513728087814 0.09225137280878153 0.09225137280878132 -0.01970925196360778 -0.4580256161338327 0.004272663542873142 0.004272663542873109 -0.0014110227545962935 -0.0327909231535597 -0.41686087881589035 0.00030588809219446396 -0.0002806232607975028 -0.006521436844262418 -0.0829050125033297 -0.49996958259050356 0.697559568280255 0.09225137280878153 0.004272663542873238 0.00030588809219447865 6.083481899290411e-05
0.6952261098705389 0.6952261098705396 0.695226109870539 0.695226109870539 -0.33274573555956843 0.07293469765495653 0.07293469765495637 0.07293469765495642 -0.07156845719555159 -0.3422215422141306 0.015687124519901577 0.015687124519901667 -0.02494176695086691 -0.11926497071396461 -0.41701188561789604 0.00546699788197939 -0.004717079652884109 -0.02255583446693655 -0.07886683748324619 -0.4994830305222111 0.6952261098705392 0.0729346976549562 0.015687124519901664 0.00546699788197942 0.001033938955577693
0.6952261098705389 0.6952261098705396 0.695226109870539 0.695226109870539 -0.33274573555956843 0.07293469765495653 0.07293469765495637 0.07293469765495642 -0.07156845719555159 -0.3422215422141306 0.015687124519901577 0.015687124519901667 -0.02494176695086691 -0.11926497071396461 -0.41701188561789604 0.00546699788197939 -0.004717079652884109 -0.02255583446693655 -0.07886683748324619 -0.4994830305222111 0.6952261098705392 0.0729346976549562 0.015687124519901664 0.00546699788197942 0.001033938955577693
0.041317311049255546 0.04131731104925541 0.04131731104925522 0.041317311049255276 -0.03957342499168577 0.4591097111425366 0.4591097111425369 0.45910971114253685 -0.014585776816248626 -0.4115986156513594 0.16921638150613325 0.16921638150613322 -6.433092300732484e-05 -0.0018153656940584988 -0.39406347009094594 0.0007463329617199345 -1.7191258687712766e-05 -0.0004851231693925585 -0.10530623123376934 -0.49990027810567395 0.04131731104925559 0.45910971114253474 0.16921638150613227 0.0007463329617194337 0.00019944378865329463
0.03141399113450959 0.031413991134509565 0.03141399113450968 0.03141399113450963 -0.030683155834044306 0.4730261003996889 0.47302610039968895 0.47302610039968895 -0.011241347030645832 -0.41053107596118366 0.17330194383871136 0.17330194383871148 -3.3060002623459215e-05 -0.0012073427153609893 -0.3569436777120718 0.0005096686991641784 -1.3203326117371501e-05 -0.00048218204299113105 -0.14255424707682635 -0.49989822562745234 0.03141399113451094 0.47302610039968873 0.17330194383871309 0.0005096686991637124 0.00020354874509663357
0.9239129668624669 0.9239129668624666 0.9239129668624668 0.923912966862467 -0.375336196773934 0.01545503671121478 0.01545503671121495 0.015455036711214912 -0.08427265327873434 -0.37750140539142624 0.003470054211048456 0.0034700542110483626 -0.021023036574419427 -0.09417320499200825 -0.3939912221934145 0.0008656553906378611 -0.005617529940991123 -0.025163862356849146 -0.10527772614219896 -0.49988434484575367 0.9239129668624668 0.015455036711214796 0.0034700542110483947 0.000865655390637842 0.00023131030849295889
0.7252923966090398 0.7252923966090393 0.7252923966090397 0.7252923966090394 -0.29346487448809855 0.0555755394148371 0.055575539414837116 0.05557553941483719 -0.11399552840208328 -0.37875011525948793 0.021588147449933277 0.0215881474499333 -0.024404498628861487 -0.08108394073080502 -0.39171702260683516 0.004621654219481902 -0.006503200980434332 -0.021606883668343277 -0.10438298955492376 -0.4993842211899446 0.725292396609039 0.05557553941483714 0.02158814744993302 0.004621654219481998 0.0012315576201110158
0.6934613884822389 0.6934613884822395 0.6934613884822394 0.6934613884822391 -0.3294597393542841 0.07281741473285522 0.07281741473285504 0.07281741473285504 -0.04966541039487626 -0.2315397637428592 0.010977082643509701 0.010977082643509719 -0.04913124944921983 -0.2290495094959982 -0.4502971251416613 0.01085902202951744 -0.004670999969760453 -0.02177616616559319 -0.04281059166007553 -0.49948380621152405 0.6934613884822391 0.07281741473285538 0.010977082643509868 0.010859022029517369 0.00103238757695207
0.5596662001042346 0.5596662001042347 0.5596662001042347 0.559666200104235 -0.11961569217346603 0.04705557728168562 0.04705557728168539 0.04705557728168563 -0.24944710656791402 -0.4117843490099521 0.09812991412345079 0.09812991412345086 -0.010021384516017364 -0.01654318366680707 -0.2833544176114404 0.00394230911508734 -0.00748074396079031 -0.01234912412650293 -0.2115178641156902 -0.49852857631312697 0.5596662001042347 0.04705557728168573 0.09812991412345091 0.003942309115087445 0.0029428473737457502
0.7252923966090398 0.7252923966090393 0.7252923966090397 0.7252923966090394 -0.29346487448809855 0.0555755394148371 0.055575539414837116 0.05557553941483719 -0.11399552840208328 -0.37875011525948793 0.021588147449933277 0.0215881474499333 -0.024404498628861487 -0.08108394073080502 -0.39171702260683516 0.004621654219481902 -0.006503200980434332 -0.021606883668343277 -0.10438298955492376 -0.4993842211899446 0.725292396609039 0.05557553941483714 0.02158814744993302 0.004621654219481998 0.0012315576201110158
0.762314754095126 0.762314754095126 0.7623147540951256 0.7623147540951256 -0.3738210081969964 0.05827759319913659 0.058277593199136446 0.05827759319913644 -0.060806280366983365 -0.37377345765154024 0.009479519859708456 0.0094795198597083 -0.015101133865338762 -0.09282598746775643 -0.39308991782726993 0.0023542222533039303 -0.004030755380418284 -0.024776871178335505 -0.10492253862520799 -0.49968580855918426 0.7623147540951256 0.05827759319913644 0.009479519859708461 0.0023542222533039768 0.0006283828816314489
0.6989568710205879 0.6989568710205878 0.6989568710205879 0.6989568710205877 -0.33982512410151894 0.07318192502776383 0.07318192502776386 0.07318192502776373 -0.07307790710931437 -0.36989137410600603 0.015737453001450703 0.01573745300145052 -0.018064596927407667 -0.09143582300673637 -0.392159881455399 0.003890242022256648 -0.004816344626660883 -0.024378425745811887 -0.10455683818630357 -0.49948139594989027 0.6989568710205881 0.07318192502776388 0.015737453001450526 0.00389024202225674 0.0010372081002195453
0.7561132818800939 0.7561132818800936 0.7561132818800935 0.7561132818800937 -0.3511783147731355 0.05663683519216473 0.05663683519216502 0.05663683519216488 -0.07938714242916962 -0.3913841052651187 0.01280328628788611 0.01280328628788591 -0.01302098462756612 -0.06419435518387329 -0.32634306641492916 0.0020999797805499715 -0.006836117399459672 -0.03370253179552353 -0.1713326279326946 -0.49944874720587795 0.756113281880094 0.05663683519216479 0.012803286287886035 0.002099979780549862 0.0011025055882440075
0.02014440599366742 0.02014440599366747 0.02014440599366739 0.020144405993667392 -0.037567775084987924 0.9136778364914192 0.9136778364914193 0.9136778364914192 -9.417026476404294e-05 -0.4056167279079369 0.0022902949023958655 0.002290294902396045 -1.954765237229474e-05 -0.08419701073804384 -0.45462999548663274 0.0004754142795959541 -1.937689096915253e-06 -0.008346149532652532 -0.04506585080752961 -0.4999764369385998 0.02014440599366307 0.9136778364914158 0.002290294902395924 0.0004754142795955449 4.7126122797863446e-05
0.702013907763991 0.7020139077639911 0.702013907763991 0.7020139077639914 -0.345764031640589 0.07338378305959813 0.0733837830595981 0.0733837830595982 -0.0743440667205863 -0.3957102415170973 0.01577853207606858 0.01577853207606872 -0.012283648141466206 -0.06538202155444763 -0.3555956370596102 0.00260703973781411 -0.004899608297595655 -0.02607908429421218 -0.14183728757620234 -0.4994800618926703 0.7020139077639911 0.073383783059598 0.015778532076068417 0.002607039737813982 0.0010398762146592072
0.3101910888942155 0.31019108889421565 0.3101910888942155 0.3101910888942155 -0.04440603598036207 0.04937549856015412 0.04937549856015374 0.04937549856015392 -0.24423033635584285 -0.3564863234109586 0.2715620603112774 0.2715620603112776 -0.0020100975656812048 -0.0029340019818134993 -0.42276604430526954 0.0022350468189493698 -0.00035934319256710466 -0.0005245086891022533 -0.07557747577200796 -0.49980022142378294 0.31019108889421565 0.04937549856015402 0.27156206031127733 0.0022350468189494986 0.000399557152434073
0.6974232683251187 0.6974232683251187 0.6974232683251187 0.6974232683251188 -0.42521554294630615 0.09223977395465632 0.09223977395465643 0.09223977395465667 -0.019694247278263063 -0.4523380932895525 0.004272169602660594 0.004272169602660773 -0.001543260947339811 -0.03544566616355822 -0.3943126642390829 0.0003347714901232763 -0.0004125324874547668 -0.00947505919666422 -0.10540458792394759 -0.49995525574732275 0.6974232683251187 0.09223977395465661 0.004272169602660778 0.000334771490123261 8.948850535459852e-05
0.4563198813302524 0.45631988133025236 0.4563198813302525 0.45631988133025253 -0.346552508895272 0.2064491564691649 0.20644915646916498 0.206449156469165 -0.02004512822646866 -0.3722462801981096 0.011941335605569809 0.011941335605569809 -0.004969064145262503 -0.09227756606202869 -0.3927230174577515 0.002960183738103124 -0.0013257421417214971 -0.02461957714523865 -0.10477817131102812 -0.4996051127320842 0.45631988133025264 0.206449156469165 0.011941335605569805 0.002960183738102997 0.0007897745358314312
0.44265600815536066 0.4426560081553604 0.44265600815536055 0.44265600815536055 -0.04728184856433115 0.029766064093937884 0.02976606409393773 0.029766064093937818 -0.3034262291689509 -0.39043636232767087 0.19102054719658887 0.19102054719658906 -0.005436394345741636 -0.0069953281176239265 -0.43803039735408034 0.003422456343159139 -0.0007398820000880812 -0.0009520496545648262 -0.0596150289847283 -0.49976710539345115 0.4426560081553606 0.02976606409393772 0.19102054719658915 0.003422456343158926 0.00046578921309759576
0.041323135483491286 0.041323135483491015 0.0413231354834913 0.04132313548349123 -0.03958706246820848 0.4592004028542652 0.4592004028542652 0.45920040285426517 -0.014590230633648423 -0.411855110793005 0.1692431659987008 0.16924316599870068 -6.43490990650302e-05 -0.001816455544147151 -0.4245133917304517 0.0007464340714271179 -1.1358962140830715e-05 -0.00032064240302226687 -0.07493549428070272 -0.49993411938565435 0.04132313548349126 0.4592004028542654 0.16924316599870165 0.0007464340714269285 0.00013176122869049803
0.4528861802995763 0.45288618029957634 0.4528861802995765 0.45288618029957656 -0.3396528311141857 0.20516055234896136 0.2051605523489618 0.20516055234896158 -0.019665830332325242 -0.3171703560844961 0.011878754551068262 0.011878754551068096 -0.004875265286630226 -0.07862823998970435 -0.23036942482385392 0.0029448072485417534 -0.00560581932455602 -0.09041060973623069 -0.2648900721373971 -0.4983069580412127 0.45288618029957656 0.20516055234896172 0.011878754551068113 0.002944807248541757 0.0033860839175746714
0.031319212742271035 0.03131921274227096 0.031319212742270945 0.03131921274227083 -0.030455961374294228 0.47099052079498216 0.47099052079498216 0.47099052079498205 -0.011167888894083842 -0.4051183118525142 0.17270739681344097 0.17270739681344097 -0.0001276807094385556 -0.004631653659386313 -0.4522431728171375 0.00197453638369516 -1.3123689510502459e-05 -0.0004760655295000106 -0.04648391295269084 -0.4998985234240134 0.031319212742274186 0.47099052079498244 0.17270739681344016 0.0019745363836943934 0.00020295315197419857
0.6997458425322963 0.6997458425322965 0.6997458425322963 0.6997458425322964 -0.3413457846837015 0.0732340835455744 0.07323408354557412 0.07323408354557427 -0.07340211821650275 -0.3762596136780907 0.015748068671393015 0.015748068671392938 -0.018144597995828578 -0.09300929725376476 -0.42085581907852954 0.0038928355501991188 -0.0032872965870635144 -0.016850698235241435 -0.07624737114708734 -0.49964736322565234 0.6997458425322964 0.07323408354557416 0.015748068671393063 0.003892835550199101 0.0007052735486952628
0.5635697785130824 0.5635697785130822 0.5635697785130823 0.5635697785130823 -0.12209507939142679 0.047275408097513835 0.047275408097514016 0.04727540809751409 -0.2546756679691555 -0.42357728297936936 0.09861082195745084 0.09861082195745112 -0.010227139890088542 -0.017009807657865052 -0.420817092343097 0.003959964761759758 -0.0018527719021841683 -0.0030815354076259805 -0.07623618069483863 -0.49964130189265626 0.5635697785130822 0.0472754080975141 0.0986108219574508 0.0039599647617597645 0.0007173962146872247
0.5459542655396468 0.5459542655396468 0.5459542655396469 0.5459542655396469 -0.29003655885697455 0.12060521429977272 0.120605214299773 0.12060521429977282 -0.07975857407847749 -0.38960231631884634 0.03316581867088933 0.03316581867088945 -0.013593088552332022 -0.06639911567005852 -0.3910929329104439 0.005652381769769482 -0.0036195010870711322 -0.0176804315239386 -0.10413831193443869 -0.4992474557242286 0.5459542655396469 0.12060521429977308 0.03316581867088922 0.005652381769769254 0.0015050885515428666
0.5636053708597031 0.563605370859703 0.5636053708597029 0.5636053708597029 -0.12211791443763552 0.04727740786173619 0.04727740786173588 0.04727740786173584 -0.2547238272968471 -0.4236866961158841 0.09861519770193541 0.09861519770193525 -0.010229034742684008 -0.017014136371042272 -0.42266533489425445 0.0039601253410587595 -0.001800876321237934 -0.002995429782740596 -0.0744124946846565 -0.49965139936781694 0.5636053708597035 0.047277407861736086 0.09861519770193553 0.003960125341058881 0.0006972012643664003
0.03140216001535291 0.03140216001535294 0.03140216001535284 0.031402160015352704 -0.030654730738657328 0.4727717132238295 0.4727717132238291 0.47277171322382944 -0.011232162059303958 -0.4098508371080818 0.17322770000025853 0.17322770000025847 -4.9371089599007696e-05 -0.001801503779436838 -0.42450477153188354 0.0007614242255927871 -8.714922639083632e-06 -0.00031799918128716493 -0.07493304834582452 -0.49993279717669353 0.03140216001535328 0.4727717132238298 0.17322770000025967 0.0007614242255933011 0.0001344056466148587
0.31003115041303875 0.3100311504130386 0.3100311504130388 0.31003115041303847 -0.04435452481437718 0.049355105800467015 0.04935510580046694 0.049355105800467036 -0.24392569737450906 -0.3559837653354784 0.27142616569007344 0.27142616569007344 -0.002007803096971733 -0.002930176337324812 -0.3931626105494024 0.002234165165611907 -0.0005359646416978776 -0.0007821837276347591 -0.10495115681907483 -0.4997018050389784 0.31003115041303864 0.049355105800467175 0.2714261656900736 0.0022341651656117498 0.0005963899220430347
0.6989568710205879 0.6989568710205878 0.6989568710205879 0.6989568710205877 -0.33982512410151894 0.07318192502776383 0.07318192502776386 0.07318192502776373 -0.07307790710931437 -0.36989137410600603 0.015737453001450703 0.01573745300145052 -0.018064596927407667 -0.09143582300673637 -0.392159881455399 0.003890242022256648 -0.004816344626660883 -0.024378425745811887 -0.10455683818630357 -0.49948139594989027 0.6989568710205881 0.07318192502776388 0.015737453001450526 0.00389024202225674 0.0010372081002195453
0.6989568710205879 0.6989568710205878 0.6989568710205879 0.6989568710205877 -0.33982512410151894 0.07318192502776383 0.07318192502776386 0.07318192502776373 -0.07307790710931437 -0.36989137410600603 0.015737453001450703 0.01573745300145052 -0.018064596927407667 -0.09143582300673637 -0.392159881455399 0.003890242022256648 -0.004816344626660883 -0.024378425745811887 -0.10455683818630357 -0.49948139594989027 0.6989568710205881 0.07318192502776388 0.015737453001450526 0.00389024202225674 0.0010372081002195453
0.6989568710205879 0.6989568710205878 0.6989568710205879 0.6989568710205877 -0.33982512410151894 0.07318192502776383 0.07318192502776386 0.07318192502776373 -0.07307790710931437 -0.36989137410600603 0.015737453001450703 0.01573745300145052 -0.018064596927407667 -0.09143582300673637 -0.392159881455399 0.003890242022256648 -0.004816344626660883 -0.024378425745811887 -0.10455683818630357 -0.49948139594989027 0.6989568710205881 0.07318192502776388 0.015737453001450526 0.00389024202225674 0.0010372081002195453
0.7374565201172185 0.7374565201172186 0.7374565201172183 0.7374565201172187 -0.3208955214796425 0.05712135196436651 0.05712135196436637 0.057121351964366386 -0.052245138564274686 -0.2067854273078042 0.009299952004927952 0.009299952004928076 -0.01705425386277093 -0.06750046548522942 -0.1203199983795941 0.003035760776258662 -0.05261180941312967 -0.20823670469447436 -0.3711832176460142 -0.49531738917839613 0.737456520117219 0.05712135196436642 0.009299952004928063 0.0030357607762587016 0.009365221643207616
0.0029793870519292083 0.0029793870519289074 0.002979387051929045 0.0029793870519288566 -0.005889445933178973 0.9854206405341883 0.9854206405341889 0.9854206405341882 -3.894381718435901e-06 -0.4640729091104535 0.0006516069883370462 0.0006516069883369002 -2.5952006384099694e-07 -0.030925635884258115 -0.4351829501382945 4.3422833061903205e-05 -3.8635225186315184e-08 -0.004603955809672121 -0.06478647938098896 -0.49999676778182844 0.0029793870519031675 0.9854206405341712 0.000651606988326299 4.342283305488481e-05 6.464436333831774e-06
0.70092869849562 0.7009286984956201 0.7009286984956202 0.7009286984956202 -0.34364129859018705 0.07331220039969918 0.07331220039969938 0.07331220039969912 -0.07389151785081143 -0.3861835427392484 0.015763966050474452 0.015763966050474323 -0.016930355381812676 -0.08848410225357235 -0.4379242930273853 0.0036119104766559294 -0.0023038104904296833 -0.012040538926135625 -0.05959086844533978 -0.49975425332017687 0.7009286984956202 0.07331220039969913 0.015763966050474337 0.003611910476656035 0.0004914933596461542
0.6974232683251187 0.6974232683251187 0.6974232683251187 0.6974232683251188 -0.42521554294630615 0.09223977395465632 0.09223977395465643 0.09223977395465667 -0.019694247278263063 -0.4523380932895525 0.004272169602660594 0.004272169602660773 -0.001543260947339811 -0.03544566616355822 -0.3943126642390829 0.0003347714901232763 -0.0004125324874547668 -0.00947505919666422 -0.10540458792394759 -0.49995525574732275 0.6974232683251187 0.09223977395465661 0.004272169602660778 0.000334771490123261 8.948850535459852e-05
0.7252923966090398 0.7252923966090393 0.7252923966090397 0.7252923966090394 -0.29346487448809855 0.0555755394148371 0.055575539414837116 0.05557553941483719 -0.11399552840208328 -0.37875011525948793 0.021588147449933277 0.0215881474499333 -0.024404498628861487 -0.08108394073080502 -0.39171702260683516 0.004621654219481902 -0.006503200980434332 -0.021606883668343277 -0.10438298955492376 -0.4993842211899446 0.725292396609039 0.05557553941483714 0.02158814744993302 0.004621654219481998 0.0012315576201110158
0.4503897314685423 0.4503897314685426 0.45038973146854255 0.45038973146854205 -0.3552087059913038 0.2167304654660271 0.216730465466027 0.21673046546602687 -0.011638711612349358 -0.30588349741630905 0.007101355745574256 0.007101355745573965 -0.004807972102459056 -0.12636100722865115 -0.3387141310463043 0.0029335824661322675 -0.0022456109232760774 -0.05901815818849922 -0.15819978492730974 -0.4993149206474276 0.4503897314685421 0.21673046546602684 0.0071013557455742 0.00293358246613241 0.0013701587051446812
0.4563198813302524 0.45631988133025236 0.4563198813302525 0.45631988133025253 -0.346552508895272 0.2064491564691649 0.20644915646916498 0.206449156469165 -0.02004512822646866 -0.3722462801981096 0.011941335605569809 0.011941335605569809 -0.004969064145262503 -0.09227756606202869 -0.3927230174577515 0.002960183738103124 -0.0013257421417214971 -0.02461957714523865 -0.10477817131102812 -0.4996051127320842 0.45631988133025264 0.206449156469165 0.011941335605569805 0.002960183738102997 0.0007897745358314312
0.5293024289178628 0.5293024289178634 0.5293024289178629 0.5293024289178629 -0.10190411952974635 0.045310600259269654 0.045310600259269536 0.045310600259269536 -0.2668597520180617 -0.4180252217598536 0.11865639588249004 0.11865639588249016 -0.008550567790221597 -0.013394125452226657 -0.4209082678374546 0.0038019204809421185 -0.0015492399912042949 -0.0024268230258960547 -0.0762625286601442 -0.49965557332583277 0.5293024289178635 0.04531060025926961 0.11865639588249008 0.0038019204809421055 0.0006888533483344565
0.7007213718120737 0.700721371812074 0.7007213718120735 0.7007213718120734 -0.4332466361939058 0.09251998309387943 0.09251998309387922 0.09251998309387927 -0.013504210313571576 -0.4339466848149064 0.0028838292222739103 0.0028838292222738457 -0.001572006860966619 -0.050515146756652037 -0.39431210043003706 0.000335702659985636 -0.0004202163344250751 -0.013503306079707483 -0.10540436532213004 -0.49995513132138963 0.7007213718120736 0.09251998309387925 0.002883829222273741 0.0003357026599857259 8.973735722067697e-05
0.6989568710205879 0.6989568710205878 0.6989568710205879 0.6989568710205877 -0.33982512410151894 0.07318192502776383 0.07318192502776386 0.07318192502776373 -0.07307790710931437 -0.36989137410600603 0.015737453001450703 0.01573745300145052 -0.018064596927407667 -0.09143582300673637 -0.392159881455399 0.003890242022256648 -0.004816344626660883 -0.024378425745811887 -0.10455683818630357 -0.49948139594989027 0.6989568710205881 0.07318192502776388 0.015737453001450526 0.00389024202225674 0.0010372081002195453
0.8103499530735994 0.8103499530735994 0.8103499530735996 0.8103499530735995 -0.2508793191067355 0.029357239092191383 0.029357239092191168 0.02935723909219124 -0.1628504344271797 -0.3802897681932643 0.01905633017806435 0.01905633017806451 -0.03493153877713058 -0.08157243688612396 -0.39204038608797714 0.004087596934612489 -0.009312030421155316 -0.021745535421664842 -0.10450991079622249 -0.4994551653271363 0.8103499530735995 0.02935723909219152 0.019056330178064407 0.0040875969346125356 0.0010896693457274507
0.5629751719623983 0.5629751719623982 0.5629751719623981 0.5629751719623984 -0.1217142112549296 0.047241987651074104 0.0472419876510741 0.04724198765107419 -0.25387242550637446 -0.4217545370060502 0.09853769635494905 0.09853769635494895 -0.010195535057097948 -0.016937692854820458 -0.3921192903562818 0.003957281046291981 -0.00271817887165904 -0.004515670692591412 -0.10454089601451567 -0.4994724848833824 0.5629751719623981 0.04724198765107412 0.09853769635494913 0.0039572810462919685 0.0010550302332351979
0.754228574776892 0.754228574776892 0.7542285747768923 0.7542285747768921 -0.3738082272401858 0.06090420320929885 0.06090420320929892 0.06090420320929875 -0.051842211936161064 -0.32558762691496834 0.008446600102653199 0.008446600102653015 -0.023133195987621716 -0.14528474197519592 -0.4378362761467323 0.0037690686470776493 -0.003147440763487432 -0.01976705334836391 -0.05957083249608585 -0.4997435953011737 0.7542285747768922 0.06090420320929904 0.008446600102652939 0.0037690686470777113 0.0005128093976527454
0.7035822324635022 0.7035822324635022 0.7035822324635026 0.7035822324635022 -0.36444372126413777 0.07676970030323599 0.07676970030323615 0.07676970030323588 -0.0499007248243638 -0.3242066722396342 0.010511537080108402 0.010511537080108133 -0.02224163885730868 -0.14450466890940092 -0.4373232061208639 0.004685178670126811 -0.003023753671698439 -0.0196454283785289 -0.05945414628438447 -0.4996815246777172 0.7035822324635024 0.07676970030323577 0.010511537080108236 0.004685178670126926 0.0006369506445656787
0.1041072712272967 0.10410727122729671 0.10410727122729667 0.10410727122729682 -0.04103426518478302 0.17655971276643592 0.17655971276643595 0.17655971276643598 -0.07907800736070655 -0.32522626081277084 0.3402519870375578 0.34025198703755793 -0.00032559645328446676 -0.0013390893444318627 -0.3936671056585643 0.0014009563960952003 -8.696799104468047e-05 -0.00035767561022144115 -0.10514990864950748 -0.4998128997381876 0.10410727122729613 0.1765597127664362 0.34025198703755716 0.001400956396094356 0.0003742005236249079
0.5155579717205744 0.5155579717205743 0.5155579717205744 0.515557971720574 -0.20441906076215646 0.09604078478711504 0.09604078478711504 0.09604078478711485 -0.051612676646062006 -0.1436844355291065 0.024248824701424792 0.024248824701424698 -0.10155076565205033 -0.28270698960885443 -0.44392017403557665 0.047710889545193154 -0.006372139187538406 -0.017739386557163363 -0.02785524184823239 -0.49850311109428297 0.5155579717205744 0.09604078478711478 0.0242488247014246 0.04771088954519262 0.002993777811433911
0.6945683519831093 0.6945683519831096 0.6945683519831095 0.6945683519831094 -0.33151631917156876 0.07289100879702065 0.07289100879702054 0.07289100879702051 -0.07130630778102097 -0.3377230742826068 0.01567822881461106 0.01567822881461085 -0.017627437646326648 -0.08348759904838189 -0.28340191379875906 0.0038757721362196944 -0.013158717062188777 -0.0623227105448327 -0.21155687362977324 -0.4985533862050377 0.6945683519831093 0.0728910087970205 0.015678228814610902 0.0038757721362198713 0.002893227589924894
0.03140216001535291 0.03140216001535294 0.03140216001535284 0.031402160015352704 -0.030654730738657328 0.4727717132238295 0.4727717132238291 0.47277171322382944 -0.011232162059303958 -0.4098508371080818 0.17322770000025853 0.17322770000025847 -4.9371089599007696e-05 -0.001801503779436838 -0.42450477153188354 0.0007614242255927871 -8.714922639083632e-06 -0.00031799918128716493 -0.07493304834582452 -0.49993279717669353 0.03140216001535328 0.4727717132238298 0.17322770000025967 0.0007614242255933011 0.0001344056466148587
0.02014457505267022 0.020144575052670186 0.020144575052670227 0.02014457505267031 -0.03756868829256965 0.9136922207438185 0.9136922207438182 0.9136922207438184 -9.417184780739299e-05 -0.4062152472137072 0.0022903137869641024 0.0022903137869643426 -1.9547980685147114e-05 -0.08432124877434267 -0.45824246115056216 0.0004754181925139708 -1.7685773341363173e-06 -0.007628851888633313 -0.04145887206386116 -0.49997849358833873 0.02014457505266867 0.9136922207438183 0.002290313786964602 0.0004754181925164873 4.301282332339221e-05
0.7252923966090398 0.7252923966090393 0.7252923966090397 0.7252923966090394 -0.29346487448809855 0.0555755394148371 0.055575539414837116 0.05557553941483719 -0.11399552840208328 -0.37875011525948793 0.021588147449933277 0.0215881474499333 -0.024404498628861487 -0.08108394073080502 -0.39171702260683516 0.004621654219481902 -0.006503200980434332 -0.021606883668343277 -0.10438298955492376 -0.4993842211899446 0.725292396609039 0.05557553941483714 0.02158814744993302 0.004621654219481998 0.0012315576201110158
0.45667614279906876 0.45667614279906893 0.45667614279906876 0.4566761427990689 -0.34727491914328223 0.20658266427231262 0.20658266427231242 0.2065826642723126 -0.020084819480455054 -0.378979632003337 0.011947812211538015 0.011947812211537978 -0.004978879396888562 -0.09394627038883643 -0.42323944361613475 0.0029617749920930834 -0.0008772771580734204 -0.016553306583366692 -0.0745746716644959 -0.499739068037123 0.45667614279906926 0.20658266427231278 0.011947812211537703 0.0029617749920932525 0.0005218639257543632
0.4563198813302524 0.45631988133025236 0.4563198813302525 0.45631988133025253 -0.346552508895272 0.2064491564691649 0.20644915646916498 0.206449156469165 -0.02004512822646866 -0.3722462801981096 0.011941335605569809 0.011941335605569809 -0.004969064145262503 -0.09227756606202869 -0.3927230174577515 0.002960183738103124 -0.0013257421417214971 -0.02461957714523865 -0.10477817131102812 -0.4996051127320842 0.45631988133025264 0.206449156469165 0.011941335605569805 0.002960183738102997 0.0007897745358314312
0.09856404303069936 0.09856404303069966 0.09856404303069954 0.09856404303069952 -0.07268812395995257 0.33239144097272155 0.3323914409727217 0.3323914409727217 -0.04143718493429553 -0.39967688308098903 0.1894857764901474 0.18948577649014725 -0.00017965890245111033 -0.0017328761657733412 -0.271430382025506 0.0008215521080471398 -0.0001505418645033404 -0.0014520316298819729 -0.22744008360002246 -0.4996557977800023 0.09856404303069988 0.3323914409727213 0.18948577649014609 0.0008215521080469415 0.0006884044399953716
0.03139768813045087 0.03139768813045088 0.03139768813045108 0.031397688130450824 -0.030643991523295597 0.4726755822125001 0.47267558221250044 0.4726755822125002 -0.011228691489042639 -0.4095940640552572 0.17319963957805545 0.17319963957805531 -4.935700996687667e-05 -0.001800418002547323 -0.3940543962663117 0.0007613190143515698 -1.318961047101502e-05 -0.00048112339370712356 -0.10530265092249522 -0.4998982768481096 0.0313976881304542 0.4726755822125034 0.1731996395780565 0.0007613190143530505 0.00020344630378263834
0.6952261098705389 0.6952261098705396 0.695226109870539 0.695226109870539 -0.33274573555956843 0.07293469765495653 0.07293469765495637 0.07293469765495642 -0.07156845719555159 -0.3422215422141306 0.015687124519901577 0.015687124519901667 -0.02494176695086691 -0.11926497071396461 -0.41701188561789604 0.00546699788197939 -0.004717079652884109 -0.02255583446693655 -0.07886683748324619 -0.4994830305222111 0.6952261098705392 0.0729346976549562 0.015687124519901664 0.00546699788197942 0.001033938955577693
0.7252923966090398 0.7252923966090393 0.7252923966090397 0.7252923966090394 -0.29346487448809855 0.0555755394148371 0.055575539414837116 0.05557553941483719 -0.11399552840208328 -0.37875011525948793 0.021588147449933277 0.0215881474499333 -0.024404498628861487 -0.08108394073080502 -0.39171702260683516 0.004621654219481902 -0.006503200980434332 -0.021606883668343277 -0.10438298955492376 -0.4993842211899446 0.725292396609039 0.05557553941483714 0.02158814744993302 0.004621654219481998 0.0012315576201110158
0.6989568710205879 0.6989568710205878 0.6989568710205879 0.6989568710205877 -0.33982512410151894 0.07318192502776383 0.07318192502776386 0.07318192502776373 -0.07307790710931437 -0.36989137410600603 0.015737453001450703 0.01573745300145052 -0.018064596927407667 -0.09143582300673637 -0.392159881455399 0.003890242022256648 -0.004816344626660883 -0.024378425745811887 -0.10455683818630357 -0.49948139594989027 0.6989568710205881 0.07318192502776388 0.015737453001450526 0.00389024202225674 0.0010372081002195453
0.6989568710205879 0.6989568710205878 0.6989568710205879 0.6989568710205877 -0.33982512410151894 0.07318192502776383 0.07318192502776386 0.07318192502776373 -0.07307790710931437 -0.36989137410600603 0.015737453001450703 0.01573745300145052 -0.018064596927407667 -0.09143582300673637 -0.392159881455399 0.003890242022256648 -0.004816344626660883 -0.024378425745811887 -0.10455683818630357 -0.49948139594989027 0.6989568710205881 0.07318192502776388 0.015737453001450526 0.00389024202225674 0.0010372081002195453
0.03139768813045087 0.03139768813045088 0.03139768813045108 0.031397688130450824 -0.030643991523295597 0.4726755822125001 0.47267558221250044 0.4726755822125002 -0.011228691489042639 -0.4095940640552572 0.17319963957805545 0.17319963957805531 -4.935700996687667e-05 -0.001800418002547323 -0.3940543962663117 0.0007613190143515698 -1.318961047101502e-05 -0.00048112339370712356 -0.10530265092249522 -0.4998982768481096 0.0313976881304542 0.4726755822125034 0.1731996395780565 0.0007613190143530505 0.00020344630378263834
0.6989568710205879 0.6989568710205878 0.6989568710205879 0.6989568710205877 -0.33982512410151894 0.07318192502776383 0.07318192502776386 0.07318192502776373 -0.07307790710931437 -0.36989137410600603 0.015737453001450703 0.01573745300145052 -0.018064596927407667 -0.09143582300673637 -0.392159881455399 0.003890242022256648 -0.004816344626660883 -0.024378425745811887 -0.10455683818630357 -0.49948139594989027 0.6989568710205881 0.07318192502776388 0.015737453001450526 0.00389024202225674 0.0010372081002195453
