224.995922092095
452.471195120276
663.815183732229
884.684705268245
1102.91482103779
224.995922092095
452.471195120276
663.815183732229
884.684705268245
1102.91482103779
224.995922092095
452.471195120276
663.815183732229
884.684705268245
1102.91482103779
224.995922092095
452.471195120276
663.815183732229
884.684705268245
1102.91482103779
224.995922092095
452.471195120276
663.815183732229
884.684705268245
1102.91482103779
224.995922092095
452.471195120276
663.815183732229
884.684705268245
1102.91482103779
224.995922092095
452.471195120276
663.815183732229
884.684705268245
1102.91482103779
224.995922092095
452.471195120276
663.815183732229
884.684705268245
1102.91482103779
362.024172011643
137.328891967599
663.815183732229
1001.1390247861
457.005240125018
224.995922092095
452.471195120276
663.815183732229
884.684705268245
1102.91482103779
224.995922092095
452.471195120276
663.815183732229
884.684705268245
1102.91482103779
224.995922092095
452.471195120276
663.815183732229
884.684705268245
1102.91482103779
19.4558003962778
31.5525080514644
208.792943196093
884.684705268245
1102.91482103779
224.995922092095
452.471195120276
663.815183732229
628.533223436616
1102.91482103779
398.287096887034
452.471195120276
364.514094633829
1408.39723628756
475.404850524877
356.643688763251
31.5525080514644
208.792943196093
628.533223436616
1102.91482103779
224.995922092095
452.471195120276
663.815183732229
884.684705268245
1102.91482103779
224.995922092095
756.414434594112
77.8926914675693
1145.97978374723
61.7084495061688
224.995922092095
452.471195120276
663.815183732229
884.684705268245
1669.56853486019
146.547502358161
5.94593949461985
14.6255490941306
884.684705268245
2198.1380106275
356.643688763251
31.5525080514644
208.792943196093
968.304320455019
1622.53681548097
257.433194358605
452.471195120276
663.815183732229
628.533223436616
1102.91482103779
356.643688763251
31.5525080514644
208.792943196093
570.094044349144
1276.42908234102
224.995922092095
452.471195120276
527.524994074078
884.684705268245
1102.91482103779
149.200472807053
622.430475349557
70.4967113718251
884.684705268245
1622.53681548097
261.394702337814
695.71533200738
577.783530475786
884.684705268245
394.65501717584
224.995922092095
452.471195120276
663.815183732229
884.684705268245
1102.91482103779
261.394702337814
695.71533200738
577.783530475786
884.684705268245
1622.53681548097
224.995922092095
291.158424134288
396.958866846999
62.2500607951372
316.572550191107
224.995922092095
452.471195120276
663.815183732229
1147.18140113871
1102.91482103779
186.785943431221
2044.51621477168
577.783530475786
884.684705268245
697.529029183698
224.995922092095
452.471195120276
663.815183732229
884.684705268245
1102.91482103779
224.995922092095
137.328891967599
663.815183732229
884.684705268245
1102.91482103779
224.995922092095
57.8247625069135
1120.3263457963
340.69239534065
1102.91482103779
224.995922092095
452.471195120276
663.815183732229
1147.18140113871
1102.91482103779
224.995922092095
561.693111094665
1130.65694028654
1833.3025988921
2482.15111389658
170.993786130579
452.471195120276
394.445835892794
884.684705268245
1157.78838391839
261.394702337814
695.71533200738
116.628313194334
884.684705268245
1622.53681548097
224.995922092095
452.471195120276
663.815183732229
884.684705268245
1102.91482103779
19.4558003962778
31.5525080514644
208.792943196093
968.304320455019
1622.53681548097
224.995922092095
452.471195120276
663.815183732229
628.533223436616
1102.91482103779
224.995922092095
452.471195120276
663.815183732229
628.533223436616
1102.91482103779
448.964432521339
18.8717038478615
13.6763710998784
884.684705268245
1102.91482103779
596.921100972383
18.8717038478615
13.6763710998784
1321.83300921393
1102.91482103779
43.0205435969964
452.471195120276
663.815183732229
884.684705268245
1102.91482103779
261.394702337814
695.71533200738
577.783530475786
884.684705268245
1102.91482103779
224.995922092095
452.471195120276
942.830232905185
317.656499603101
1102.91482103779
261.394702337814
695.71533200738
116.628313194334
884.684705268245
394.65501717584
261.394702337814
695.71533200738
577.783530475786
884.684705268245
1102.91482103779
129.696325355086
339.590285712321
663.815183732229
884.684705268245
1102.91482103779
224.995922092095
452.471195120276
663.815183732229
884.684705268245
1102.91482103779
228.504576968921
611.835619829842
864.749617503339
1738.84719393684
1102.91482103779
224.995922092095
3.10185821395524
216.03646850837
346.288360804395
1163.96841812779
224.995922092095
452.471195120276
663.815183732229
1321.83300921393
1102.91482103779
224.995922092095
377.370106259558
27.7137490361563
884.684705268245
1646.5650221704
19.4558003962778
31.5525080514644
208.792943196093
884.684705268245
1102.91482103779
224.995922092095
137.328891967599
663.815183732229
884.684705268245
1102.91482103779
286.379374058429
1013.30740942847
60.8754198687304
954.173706986768
2330.09220459225
448.964432521339
18.8717038478615
13.6763710998784
884.684705268245
1669.56853486019
224.995922092095
137.328891967599
663.815183732229
884.684705268245
256.576844729771
596.921100972383
18.8717038478615
13.6763710998784
340.69239534065
1102.91482103779
224.995922092095
452.471195120276
663.815183732229
884.684705268245
1622.53681548097
261.394702337814
695.71533200738
116.628313194334
884.684705268245
1622.53681548097
380.168616370698
415.815987527747
464.700010052987
884.684705268245
1102.91482103779
261.394702337814
695.71533200738
116.628313194334
884.684705268245
1669.56853486019
596.921100972383
18.8717038478615
13.6763710998784
884.684705268245
1669.56853486019
224.995922092095
377.370106259558
27.7137490361563
884.684705268245
1102.91482103779
224.995922092095
452.471195120276
663.815183732229
884.684705268245
1102.91482103779
224.995922092095
452.471195120276
663.815183732229
884.684705268245
1102.91482103779
224.995922092095
452.471195120276
663.815183732229
884.684705268245
1102.91482103779
129.696325355086
339.590285712321
663.815183732229
673.651457251479
73.2479380756217
224.995922092095
0.448868561124712
114.04184101358
570.094044349144
1276.42908234102
224.995922092095
452.471195120276
663.815183732229
954.173706986768
2330.09220459225
19.4558003962778
31.5525080514644
208.792943196093
884.684705268245
1102.91482103779
261.394702337814
695.71533200738
577.783530475786
884.684705268245
1102.91482103779
224.995922092095
130.746952471293
1100.95054984637
884.684705268245
630.40139105017
224.995922092095
137.328891967599
663.815183732229
884.684705268245
1102.91482103779
261.394702337814
695.71533200738
94.7698815904803
884.684705268245
1622.53681548097
19.4558003962778
31.5525080514644
309.741842430562
884.684705268245
1102.91482103779
224.995922092095
452.471195120276
663.815183732229
884.684705268245
1102.91482103779
217.239437391152
1136.52345821839
577.783530475786
884.684705268245
1102.91482103779
261.394702337814
695.71533200738
116.628313194334
884.684705268245
1102.91482103779
224.995922092095
561.693111094665
1283.27552488507
954.173706986768
2330.09220459225
290.894566554804
561.693111094665
1283.27552488507
954.173706986768
2330.09220459225
354.4044011394
74.2283838339233
14.6255490941306
884.684705268245
1102.91482103779
224.995922092095
291.158424134288
359.21285563982
62.2500607951372
316.572550191107
224.995922092095
452.471195120276
663.815183732229
884.684705268245
394.65501717584
596.921100972383
18.8717038478615
13.6763710998784
884.684705268245
1669.56853486019
224.995922092095
3.10185821395524
216.03646850837
346.288360804395
1275.28350873687
261.394702337814
695.71533200738
577.783530475786
884.684705268245
1102.91482103779
224.995922092095
137.328891967599
663.815183732229
884.684705268245
1669.56853486019
224.995922092095
137.328891967599
663.815183732229
884.684705268245
1102.91482103779
218.543361568416
26.1994090650827
13.6763710998784
884.684705268245
351.885145863436
596.921100972383
18.8717038478615
13.6763710998784
884.684705268245
1102.91482103779
224.995922092095
452.471195120276
663.815183732229
628.533223436616
1102.91482103779
261.394702337814
695.71533200738
577.783530475786
884.684705268245
1102.91482103779
224.995922092095
452.471195120276
663.815183732229
884.684705268245
1102.91482103779
224.995922092095
452.471195120276
663.815183732229
884.684705268245
1102.91482103779
596.921100972383
18.8717038478615
13.6763710998784
884.684705268245
1102.91482103779
224.995922092095
452.471195120276
663.815183732229
884.684705268245
1102.91482103779
