146.578213786195
349.070901112974
499.80744743324
629.979668210771
849.525030753278
324.470293916783
174.03947354015
311.867468930326
518.14646481644
643.113750978825
849.060281504528
366.564865909823
130.883884034008
396.092719160241
466.736007813676
769.621918093892
1011.70554283275
271.920137964595
134.803869291575
406.841388167262
430.258719074001
629.979668210771
849.525030753278
266.264411110422
146.578213786195
349.070901112974
499.80744743324
629.979668210771
849.525030753278
324.470293916783
143.608071406666
307.007351583937
452.155063263088
716.360387856223
733.875589724265
324.470293916783
144.066940938697
349.070901112974
599.466206859951
629.979668210771
849.525030753278
283.632425737739
137.094044335325
408.809457201787
517.76581461784
783.457041019418
964.874199630054
285.37564292268
193.643022348675
265.996953810131
690.912576796619
633.857303557774
911.32338389784
313.787519752663
146.578213786195
349.070901112974
499.80744743324
629.979668210771
849.525030753278
324.470293916783
146.578213786195
349.070901112974
499.80744743324
629.979668210771
849.525030753278
324.470293916783
171.42163967484
349.070901112974
460.094156902592
629.979668210771
718.393998294108
297.229083716427
172.181593297222
337.272488318287
499.80744743324
557.019342391087
849.525030753278
278.882497747556
146.578213786195
349.070901112974
499.80744743324
629.979668210771
849.525030753278
324.470293916783
146.578213786195
349.070901112974
499.80744743324
629.979668210771
849.525030753278
324.470293916783
156.847400846314
349.070901112974
499.80744743324
628.765145682927
933.327483881994
345.055081670562
155.856382864369
349.070901112974
499.80744743324
628.765145682927
1076.01026751555
375.553103421087
146.578213786195
349.070901112974
499.80744743324
629.979668210771
849.525030753278
324.470293916783
157.316195149877
406.351202801924
499.201028381561
629.979668210771
849.525030753278
324.470293916783
146.578213786195
349.070901112974
499.80744743324
629.979668210771
849.525030753278
283.632425737739
146.578213786195
406.351202801924
499.201028381561
699.748099186814
964.874199630054
273.159685503849
146.578213786195
349.070901112974
499.201028381561
699.748099186814
1130.85655428665
273.159685503849
146.578213786195
406.351202801924
499.201028381561
629.979668210771
849.525030753278
266.264411110422
175.374846202598
357.173617210049
584.415450767808
541.735318674202
840.930339144975
313.787519752663
185.514394922403
406.351202801924
596.607785357713
582.395323206715
840.930339144975
324.470293916783
146.578213786195
349.070901112974
499.80744743324
629.979668210771
849.525030753278
324.470293916783
156.847400846314
349.070901112974
499.80744743324
555.180407621082
907.461742952646
348.29022082734
146.578213786195
364.222895894802
558.431110999564
629.979668210771
849.525030753278
376.352657069746
143.269112660983
346.800533099232
499.80744743324
541.735318674202
840.930339144975
313.787519752663
193.643022348675
317.846471097211
584.415450767808
633.857303557774
840.930339144975
313.787519752663
118.365825336619
349.070901112974
499.201028381561
629.979668210771
849.525030753278
304.60824241013
153.925766549005
349.070901112974
440.067602215888
629.979668210771
849.525030753278
266.264411110422
117.500269056769
383.677355145973
499.80744743324
680.073212832893
870.722348275219
270.748236760337
159.546326824935
391.591074175829
595.023778629302
562.618593508269
907.461742952646
348.29022082734
136.434953675218
349.070901112974
599.466206859951
629.979668210771
849.525030753278
283.632425737739
171.42163967484
349.070901112974
460.094156902592
524.205072542519
860.870623700551
266.264411110422
146.578213786195
349.070901112974
499.80744743324
629.979668210771
849.525030753278
324.470293916783
153.925766549005
349.070901112974
440.067602215888
699.748099186814
1130.85655428665
273.159685503849
146.578213786195
349.070901112974
542.829303126567
629.979668210771
849.525030753278
324.470293916783
146.578213786195
345.161664054587
477.550887422202
629.979668210771
849.525030753278
324.470293916783
148.879763879699
311.867468930326
468.830778015516
629.979668210771
753.517393711493
324.470293916783
147.90114297804
349.070901112974
386.438458273063
733.507907881532
964.874199630054
326.434211160667
146.578213786195
349.070901112974
499.80744743324
509.179913247588
861.999919820206
312.984459694204
143.269112660983
346.800533099232
499.80744743324
509.179913247588
861.999919820206
312.984459694204
146.578213786195
349.070901112974
499.201028381561
629.979668210771
791.761886175064
266.264411110422
146.578213786195
349.070901112974
499.80744743324
684.510149194672
849.525030753278
324.470293916783
150.614364429151
349.070901112974
499.80744743324
489.023957688907
840.930339144975
324.470293916783
156.847400846314
349.070901112974
499.80744743324
629.979668210771
849.525030753278
324.470293916783
146.578213786195
349.070901112974
499.80744743324
629.979668210771
870.722348275219
301.53473124671
193.643022348675
317.846471097211
584.415450767808
541.735318674202
840.930339144975
313.787519752663
146.578213786195
349.070901112974
499.201028381561
629.979668210771
849.525030753278
266.264411110422
141.109541806337
349.070901112974
499.80744743324
642.735431836481
880.110307295424
275.365760574914
146.578213786195
349.070901112974
499.80744743324
716.360387856223
733.875589724265
324.470293916783
127.927802291804
349.070901112974
423.735151806309
733.507907881532
964.874199630054
377.565214751261
146.578213786195
349.070901112974
499.80744743324
629.979668210771
849.525030753278
324.470293916783
143.269112660983
346.800533099232
499.80744743324
628.765145682927
933.327483881994
345.055081670562
134.803869291575
406.841388167262
513.46652222092
629.979668210771
849.525030753278
324.470293916783
150.614364429151
349.070901112974
555.580358179315
427.653080259338
840.930339144975
368.539783992913
157.316195149877
406.351202801924
499.201028381561
582.395323206715
840.930339144975
324.470293916783
146.578213786195
349.070901112974
499.80744743324
629.979668210771
849.525030753278
350.031339992031
134.803869291575
395.040636256508
513.46652222092
737.573895193389
849.525030753278
324.470293916783
146.578213786195
349.070901112974
499.80744743324
629.979668210771
870.722348275219
298.050160694226
146.578213786195
349.070901112974
499.80744743324
524.205072542519
860.870623700551
266.264411110422
171.42163967484
349.070901112974
460.094156902592
769.621918093892
1011.70554283275
271.920137964595
146.578213786195
349.070901112974
499.80744743324
629.979668210771
849.525030753278
324.470293916783
157.316195149877
406.351202801924
499.201028381561
629.979668210771
849.525030753278
324.470293916783
146.578213786195
349.070901112974
499.80744743324
629.979668210771
849.525030753278
324.470293916783
146.578213786195
349.070901112974
499.80744743324
699.748099186814
964.874199630054
273.159685503849
146.578213786195
349.070901112974
499.80744743324
629.979668210771
849.525030753278
324.470293916783
146.578213786195
349.070901112974
440.067602215888
699.748099186814
964.874199630054
273.159685503849
146.578213786195
349.070901112974
440.067602215888
629.979668210771
849.525030753278
324.470293916783
144.011155675025
349.070901112974
438.428798765683
629.979668210771
849.525030753278
324.470293916783
157.316195149877
406.351202801924
499.201028381561
629.979668210771
955.704014048279
324.470293916783
146.578213786195
349.070901112974
499.80744743324
629.979668210771
849.525030753278
324.470293916783
127.040190895605
366.817742286088
584.754116379917
749.910271817044
849.525030753278
289.263091825041
146.578213786195
349.070901112974
499.80744743324
629.979668210771
849.525030753278
324.470293916783
134.803869291575
406.841388167262
513.46652222092
650.741859567385
849.525030753278
341.009044804949
122.718896203149
349.070901112974
489.584731786491
736.960941834425
849.525030753278
271.920137964595
164.952381579564
317.742151996772
499.80744743324
557.691197725517
742.221459661346
292.970585730199
146.578213786195
349.070901112974
499.80744743324
629.979668210771
849.525030753278
266.264411110422
146.578213786195
349.070901112974
491.221578059038
454.253697100359
860.870623700551
266.264411110422
146.578213786195
349.070901112974
499.80744743324
629.979668210771
849.525030753278
310.397264344691
146.578213786195
349.070901112974
499.80744743324
629.979668210771
849.525030753278
324.470293916783
146.578213786195
298.559150295482
506.871825117687
629.979668210771
849.525030753278
374.642428315216
146.578213786195
349.070901112974
499.80744743324
629.979668210771
849.525030753278
324.470293916783
146.578213786195
349.070901112974
499.201028381561
629.979668210771
849.525030753278
324.470293916783
146.578213786195
349.070901112974
542.829303126567
509.179913247588
861.999919820206
312.984459694204
146.578213786195
349.070901112974
499.201028381561
629.979668210771
849.525030753278
324.470293916783
146.578213786195
349.070901112974
499.201028381561
716.360387856223
733.875589724265
324.470293916783
146.578213786195
308.984489117712
513.720113975118
746.996445413619
849.525030753278
304.660210735097
146.578213786195
349.070901112974
499.80744743324
582.395323206715
840.930339144975
324.470293916783
152.975458389009
349.070901112974
386.438458273063
733.507907881532
964.874199630054
387.196892137278
157.316195149877
406.351202801924
499.201028381561
629.979668210771
849.525030753278
324.470293916783
161.604970339881
314.539748625186
571.39415899308
714.472273380234
849.525030753278
267.550622782361
146.578213786195
349.070901112974
499.80744743324
629.979668210771
849.525030753278
324.470293916783
141.109541806337
349.070901112974
499.80744743324
749.910271817044
849.525030753278
289.263091825041
136.434953675218
345.101341147326
599.466206859951
629.979668210771
849.525030753278
283.632425737739
146.578213786195
406.351202801924
499.201028381561
629.979668210771
849.525030753278
324.470293916783
134.803869291575
406.841388167262
430.258719074001
629.979668210771
849.525030753278
324.470293916783
146.578213786195
349.070901112974
499.201028381561
629.979668210771
849.525030753278
324.470293916783
