0.69885376056657 0.6988537605665696 0.6988537605665702 0.6988537605665699 -0.3415307979942564 0.0735852915660682 0.07358529156606829 0.07358529156606813 -0.07189078669249976 -0.37000012935235554 0.015489392261984385 0.01548939226198429 -0.01778767519568148 -0.09154778276986761 -0.39229655265884295 0.0038324838440446612 -0.004736935052511587 -0.024379571608525216 -0.10447027342394288 -0.4994896964651276 0.6988537605665702 0.07358529156606831 0.015489392261984402 0.0038324838440449093 0.0010206070697449292
0.7053163148959791 0.7053163148959787 0.7053163148959791 0.7053163148959788 -0.2967270491030526 0.06198681247904019 0.06198681247904039 0.06198681247904037 -0.11353967451460559 -0.3993336768398077 0.02371864154057591 0.023718641540575826 -0.01844573070160423 -0.0648760135570148 -0.39228392293041653 0.003853346209910807 -0.004912103187150155 -0.01727650035220825 -0.10446531716559468 -0.49948692641931375 0.7053163148959787 0.061986812479040365 0.023718641540575895 0.0038533462099107985 0.0010261471613727533
0.69885376056657 0.6988537605665696 0.6988537605665702 0.6988537605665699 -0.3415307979942564 0.0735852915660682 0.07358529156606829 0.07358529156606813 -0.07189078669249976 -0.37000012935235554 0.015489392261984385 0.01548939226198429 -0.01778767519568148 -0.09154778276986761 -0.39229655265884295 0.0038324838440446612 -0.004736935052511587 -0.024379571608525216 -0.10447027342394288 -0.4994896964651276 0.6988537605665702 0.07358529156606831 0.015489392261984402 0.0038324838440449093 0.0010206070697449292
0.8029264980275905 0.8029264980275906 0.8029264980275906 0.8029264980275908 -0.335379867658304 0.04115849033057681 0.04115849033057675 0.04115849033057697 -0.08472516662705776 -0.3333864116536016 0.01039764245756434 0.0103976424575643 -0.02582997080274073 -0.10163876474800433 -0.32486214341798064 0.0031699058472013787 -0.01364557037045459 -0.05369417284001801 -0.17161959928489076 -0.4991626941115025 0.8029264980275905 0.04115849033057702 0.010397642457564235 0.003169905847201307 0.001674611776994805
0.6971409522337468 0.6971409522337471 0.6971409522337471 0.697140952233747 -0.2723858162582565 0.05916630537388704 0.05916630537388731 0.05916630537388742 -0.1339044330072417 -0.4067901718552182 0.029086061392829904 0.029086061392829696 -0.019097351536541383 -0.05801611447105019 -0.40245572989510225 0.00414823263694534 -0.004469848357552524 -0.013579015576259732 -0.09419714978891928 -0.49951454077798385 0.6971409522337467 0.059166305373887354 0.02908606139282982 0.004148232636945194 0.0009709184440322371
0.69885376056657 0.6988537605665696 0.6988537605665702 0.6988537605665699 -0.3415307979942564 0.0735852915660682 0.07358529156606829 0.07358529156606813 -0.07189078669249976 -0.37000012935235554 0.015489392261984385 0.01548939226198429 -0.01778767519568148 -0.09154778276986761 -0.39229655265884295 0.0038324838440446612 -0.004736935052511587 -0.024379571608525216 -0.10447027342394288 -0.4994896964651276 0.6988537605665702 0.07358529156606831 0.015489392261984402 0.0038324838440449093 0.0010206070697449292
0.69885376056657 0.6988537605665696 0.6988537605665702 0.6988537605665699 -0.3415307979942564 0.0735852915660682 0.07358529156606829 0.07358529156606813 -0.07189078669249976 -0.37000012935235554 0.015489392261984385 0.01548939226198429 -0.01778767519568148 -0.09154778276986761 -0.39229655265884295 0.0038324838440446612 -0.004736935052511587 -0.024379571608525216 -0.10447027342394288 -0.4994896964651276 0.6988537605665702 0.07358529156606831 0.015489392261984402 0.0038324838440449093 0.0010206070697449292
0.69885376056657 0.6988537605665696 0.6988537605665702 0.6988537605665699 -0.3415307979942564 0.0735852915660682 0.07358529156606829 0.07358529156606813 -0.07189078669249976 -0.37000012935235554 0.015489392261984385 0.01548939226198429 -0.01778767519568148 -0.09154778276986761 -0.39229655265884295 0.0038324838440446612 -0.004736935052511587 -0.024379571608525216 -0.10447027342394288 -0.4994896964651276 0.6988537605665702 0.07358529156606831 0.015489392261984402 0.0038324838440449093 0.0010206070697449292
0.69885376056657 0.6988537605665696 0.6988537605665702 0.6988537605665699 -0.3415307979942564 0.0735852915660682 0.07358529156606829 0.07358529156606813 -0.07189078669249976 -0.37000012935235554 0.015489392261984385 0.01548939226198429 -0.01778767519568148 -0.09154778276986761 -0.39229655265884295 0.0038324838440446612 -0.004736935052511587 -0.024379571608525216 -0.10447027342394288 -0.4994896964651276 0.6988537605665702 0.07358529156606831 0.015489392261984402 0.0038324838440449093 0.0010206070697449292
0.69885376056657 0.6988537605665696 0.6988537605665702 0.6988537605665699 -0.3415307979942564 0.0735852915660682 0.07358529156606829 0.07358529156606813 -0.07189078669249976 -0.37000012935235554 0.015489392261984385 0.01548939226198429 -0.01778767519568148 -0.09154778276986761 -0.39229655265884295 0.0038324838440446612 -0.004736935052511587 -0.024379571608525216 -0.10447027342394288 -0.4994896964651276 0.6988537605665702 0.07358529156606831 0.015489392261984402 0.0038324838440449093 0.0010206070697449292
0.69885376056657 0.6988537605665696 0.6988537605665702 0.6988537605665699 -0.3415307979942564 0.0735852915660682 0.07358529156606829 0.07358529156606813 -0.07189078669249976 -0.37000012935235554 0.015489392261984385 0.01548939226198429 -0.01778767519568148 -0.09154778276986761 -0.39229655265884295 0.0038324838440446612 -0.004736935052511587 -0.024379571608525216 -0.10447027342394288 -0.4994896964651276 0.6988537605665702 0.07358529156606831 0.015489392261984402 0.0038324838440449093 0.0010206070697449292
0.69885376056657 0.6988537605665696 0.6988537605665702 0.6988537605665699 -0.3415307979942564 0.0735852915660682 0.07358529156606829 0.07358529156606813 -0.07189078669249976 -0.37000012935235554 0.015489392261984385 0.01548939226198429 -0.01778767519568148 -0.09154778276986761 -0.39229655265884295 0.0038324838440446612 -0.004736935052511587 -0.024379571608525216 -0.10447027342394288 -0.4994896964651276 0.6988537605665702 0.07358529156606831 0.015489392261984402 0.0038324838440449093 0.0010206070697449292
0.69885376056657 0.6988537605665696 0.6988537605665702 0.6988537605665699 -0.3415307979942564 0.0735852915660682 0.07358529156606829 0.07358529156606813 -0.07189078669249976 -0.37000012935235554 0.015489392261984385 0.01548939226198429 -0.01778767519568148 -0.09154778276986761 -0.39229655265884295 0.0038324838440446612 -0.004736935052511587 -0.024379571608525216 -0.10447027342394288 -0.4994896964651276 0.6988537605665702 0.07358529156606831 0.015489392261984402 0.0038324838440449093 0.0010206070697449292
0.7674357031475864 0.7674357031475864 0.7674357031475862 0.7674357031475864 -0.31587889309164285 0.04786208952820167 0.047862089528201875 0.04786208952820183 -0.09765453149249664 -0.3529956137519624 0.014796651600816111 0.014796651600816047 -0.02938303426170105 -0.10621199092948433 -0.3977566920743055 0.004452128480884923 -0.007282317912685333 -0.0263236763500603 -0.0985803800174128 -0.4994482902157559 0.767435703147586 0.04786208952820187 0.014796651600816026 0.0044521284808848776 0.001103419568488198
0.5377682860971128 0.5377682860971124 0.5377682860971127 0.5377682860971126 -0.30850493133313234 0.13258569428902167 0.1325856942890219 0.13258569428902173 -0.06533461976492119 -0.3944323435639392 0.028078759990022503 0.0280787599900225 -0.009038359735577855 -0.054565579861108084 -0.3243812842328272 0.003884402092365521 -0.004773220681764253 -0.02881646249155977 -0.17130801384045613 -0.49897431011013077 0.5377682860971127 0.13258569428902184 0.028078759990022222 0.003884402092365728 0.0020513797797385176
0.6797904257449673 0.6797904257449673 0.6797904257449668 0.6797904257449673 -0.34210282098135064 0.08057233119886698 0.08057233119886655 0.08057233119886682 -0.07164307854710486 -0.38975725781343984 0.016873435408234896 0.016873435408235084 -0.012969385367654762 -0.07055687972843498 -0.36457357414583424 0.003054560059723628 -0.0047146110852478145 -0.02564872874683686 -0.1325292267390742 -0.49944480550504555 0.6797904257449673 0.08057233119886646 0.016873435408234758 0.003054560059723585 0.0011103889899087454
0.6700093341209322 0.6700093341209324 0.6700093341209323 0.6700093341209322 -0.2908993442643962 0.07163636641237132 0.0716363664123713 0.07163636641237134 -0.1096155383057936 -0.3954248188598201 0.02699373175425968 0.026993731754259672 -0.01701093561019575 -0.061364896220577225 -0.3654023279804246 0.004189083407770228 -0.0060822879704390004 -0.021941119444713927 -0.13065020259753432 -0.49925109317317695 0.6700093341209322 0.07163636641237134 0.02699373175425957 0.004189083407770276 0.0014978136536462016
0.5791860565378735 0.579186056537873 0.5791860565378733 0.5791860565378728 -0.338503524500783 0.1229717129867475 0.12297171298674743 0.12297171298674732 -0.04853712353466495 -0.3538615351182375 0.01763258811945804 0.017632588119457893 -0.013985502829164685 -0.10196177977036822 -0.3915409277642486 0.0050806597728035125 -0.0037210054434401976 -0.027128115605339682 -0.10417401085516668 -0.4993241157324911 0.5791860565378728 0.12297171298674778 0.0176325881194579 0.00508065977280364 0.0013517685350180678
0.7053163148959791 0.7053163148959787 0.7053163148959791 0.7053163148959788 -0.2967270491030526 0.06198681247904019 0.06198681247904039 0.06198681247904037 -0.11353967451460559 -0.3993336768398077 0.02371864154057591 0.023718641540575826 -0.01844573070160423 -0.0648760135570148 -0.39228392293041653 0.003853346209910807 -0.004912103187150155 -0.01727650035220825 -0.10446531716559468 -0.49948692641931375 0.7053163148959787 0.061986812479040365 0.023718641540575895 0.0038533462099107985 0.0010261471613727533
0.689939820080437 0.6899398200804366 0.6899398200804372 0.689939820080437 -0.32482896587639337 0.07298935694926144 0.0729893569492616 0.07298935694926133 -0.06840509992144435 -0.30873116530308764 0.015370686668430058 0.015370686668430089 -0.032564407410312336 -0.1469721915286393 -0.4193577626535215 0.007317251249129452 -0.005840466739852625 -0.0263596443039966 -0.07521233333118374 -0.4993438209697906 0.689939820080437 0.07298935694926122 0.01537068666842998 0.007317251249129407 0.0013123580604187982
0.6764505258814277 0.6764505258814275 0.6764505258814281 0.676450525881428 -0.3358412844930875 0.0803172344669675 0.08031723446696762 0.08031723446696777 -0.07034491824308887 -0.3628909396465936 0.016823152938501288 0.016823152938501153 -0.01866203627431762 -0.09627253891891946 -0.39348682125221013 0.004463069944893437 -0.004874280225392163 -0.025145130242114944 -0.10277362039112245 -0.499417152199868 0.6764505258814278 0.08031723446696752 0.016823152938500927 0.004463069944893227 0.0011656956002636422
0.7555566782422782 0.7555566782422779 0.7555566782422778 0.7555566782422772 -0.22704856401656884 0.03672822091762027 0.036728220917620076 0.036728220917619965 -0.18864992611743236 -0.4157274982533642 0.030516714309755177 0.030516714309754944 -0.022425656258985523 -0.04941937781324458 -0.3924205510290107 0.00362765763734345 -0.005972943712927132 -0.013162565170779707 -0.10451894187725509 -0.49951689719517267 0.7555566782422772 0.0367282209176199 0.030516714309754854 0.003627657637343628 0.0009662056096549301
0.689939820080437 0.6899398200804366 0.6899398200804372 0.689939820080437 -0.32482896587639337 0.07298935694926144 0.0729893569492616 0.07298935694926133 -0.06840509992144435 -0.30873116530308764 0.015370686668430058 0.015370686668430089 -0.032564407410312336 -0.1469721915286393 -0.4193577626535215 0.007317251249129452 -0.005840466739852625 -0.0263596443039966 -0.07521233333118374 -0.4993438209697906 0.689939820080437 0.07298935694926122 0.01537068666842998 0.007317251249129407 0.0013123580604187982
0.8358657949186423 0.8358657949186419 0.8358657949186419 0.8358657949186419 -0.22586476805059727 0.02217588899153304 0.022175888991532073 0.02217588899153263 -0.14907504154466428 -0.30344698281957205 0.014636508390551695 0.014636508390551809 -0.07459060534073533 -0.15183154673513963 -0.4193541802316391 0.007323466152440553 -0.013377849575640047 -0.027231037793310743 -0.07521131000918474 -0.49934326696966663 0.8358657949186425 0.022175888991532795 0.014636508390551865 0.007323466152440621 0.00131346606066683
0.7395963847788394 0.7395963847788393 0.7395963847788389 0.7395963847788392 -0.2940398215054374 0.051764066262909865 0.051764066262909615 0.051764066262909705 -0.1208997028749131 -0.39393438530325586 0.02128371660253993 0.021283716602539804 -0.022502452566660624 -0.07332102237533748 -0.40960073706344236 0.003961430937397777 -0.004796030376324976 -0.015627178837222623 -0.08729970972283842 -0.49957784283617107 0.739596384778839 0.051764066262909816 0.02128371660253986 0.0039614309373979355 0.0008443143276580235
0.8348891550285115 0.8348891550285111 0.8348891550285111 0.8348891550285117 -0.35251705721533316 0.03485755494194822 0.034857554941948345 0.03485755494194836 -0.08857755554509432 -0.37849983976513096 0.00875871662332225 0.008758716623322386 -0.022026290173988772 -0.09412031355088328 -0.41252956102470967 0.0021780013312608236 -0.004580064648320763 -0.019571027048955563 -0.08577985870121034 -0.4997735572621964 0.8348891550285112 0.03485755494194817 0.008758716623322282 0.0021780013312605695 0.00045288547560679335
0.69885376056657 0.6988537605665696 0.6988537605665702 0.6988537605665699 -0.3415307979942564 0.0735852915660682 0.07358529156606829 0.07358529156606813 -0.07189078669249976 -0.37000012935235554 0.015489392261984385 0.01548939226198429 -0.01778767519568148 -0.09154778276986761 -0.39229655265884295 0.0038324838440446612 -0.004736935052511587 -0.024379571608525216 -0.10447027342394288 -0.4994896964651276 0.6988537605665702 0.07358529156606831 0.015489392261984402 0.0038324838440449093 0.0010206070697449292
0.24493623057825548 0.24493623057825528 0.24493623057825517 0.24493623057825542 -0.23727735684216059 0.3657268976351583 0.3657268976351583 0.36572689763515825 -0.021694565963267333 -0.4379984837315333 0.03343886838121297 0.03343886838121301 -0.0017247964155210184 -0.03482246273204706 -0.4250415109310309 0.002658510911010922 -0.0002962743707398094 -0.005981577385428975 -0.07301088120094039 -0.49977166909666065 0.24493623057825484 0.36572689763515803 0.03343886838121269 0.0026585109110107753 0.00045666180667842244
0.69885376056657 0.6988537605665696 0.6988537605665702 0.6988537605665699 -0.3415307979942564 0.0735852915660682 0.07358529156606829 0.07358529156606813 -0.07189078669249976 -0.37000012935235554 0.015489392261984385 0.01548939226198429 -0.01778767519568148 -0.09154778276986761 -0.39229655265884295 0.0038324838440446612 -0.004736935052511587 -0.024379571608525216 -0.10447027342394288 -0.4994896964651276 0.6988537605665702 0.07358529156606831 0.015489392261984402 0.0038324838440449093 0.0010206070697449292
0.6439727703737096 0.6439727703737097 0.6439727703737098 0.6439727703737098 -0.3787945895691273 0.10471031891881195 0.10471031891881191 0.10471031891881204 -0.03569392097140247 -0.35564732684607137 0.009866882873458618 0.009866882873458625 -0.01100775568409833 -0.10967914919632377 -0.4052015249141286 0.003042877696784107 -0.0025091978874185565 -0.02500116257620528 -0.09236495062859183 -0.49965319078168347 0.64397277037371 0.10471031891881197 0.009866882873458759 0.0030428776967838995 0.0006936184366330725
0.7535334002679585 0.7535334002679588 0.753533400267959 0.7535334002679589 -0.22422613666801366 0.03667007557725035 0.03667007557725055 0.03667007557725043 -0.18630659713634154 -0.40599316387518963 0.030468691558670463 0.0304686915586706 -0.026540336811262066 -0.05783582265974174 -0.40234136239853546 0.004340422446628652 -0.006211012666161632 -0.013534833022356531 -0.09415657818319789 -0.4994921236496693 0.7535334002679587 0.03667007557725056 0.03046869155867058 0.0043404224466285874 0.0010157527006613288
0.8053316987767597 0.8053316987767593 0.8053316987767594 0.8053316987767588 -0.34112901841069354 0.041229599314685624 0.04122959931468557 0.04122959931468536 -0.0861731442397276 -0.353295650921437 0.010415074698843675 0.010415074698843473 -0.026269074378985822 -0.10769886388280263 -0.39269462007715494 0.0031749377876415766 -0.006998932104611425 -0.028694465027001636 -0.10462656369669353 -0.4995770468785561 0.8053316987767591 0.041229599314685283 0.010415074698843578 0.003174937787641896 0.000845906242888081
0.8266779513714707 0.8266779513714709 0.8266779513714705 0.8266779513714705 -0.2629026151140289 0.02756020029672092 0.02756020029672071 0.02756020029672084 -0.15065422046384944 -0.36714786071622063 0.015793150211644513 0.015793150211644562 -0.0360932665814525 -0.08796013527427467 -0.3691198187767734 0.0037836734941428386 -0.012453938133112394 -0.030350538663877127 -0.12736434859331436 -0.49934722401052833 0.8266779513714709 0.02756020029672091 0.01579315021164462 0.0037836734941426716 0.0013055519789435938
0.69885376056657 0.6988537605665696 0.6988537605665702 0.6988537605665699 -0.3415307979942564 0.0735852915660682 0.07358529156606829 0.07358529156606813 -0.07189078669249976 -0.37000012935235554 0.015489392261984385 0.01548939226198429 -0.01778767519568148 -0.09154778276986761 -0.39229655265884295 0.0038324838440446612 -0.004736935052511587 -0.024379571608525216 -0.10447027342394288 -0.4994896964651276 0.6988537605665702 0.07358529156606831 0.015489392261984402 0.0038324838440449093 0.0010206070697449292
0.7246770536036827 0.7246770536036825 0.7246770536036828 0.724677053603683 -0.33183165899619355 0.06303557536980765 0.06303557536980754 0.06303557536980754 -0.08331381799661672 -0.369790989634278 0.01582650211724508 0.015826502117245275 -0.02060888545274106 -0.09147318332161938 -0.39224664982299723 0.003914915641785911 -0.0054879049394856065 -0.024358237893665993 -0.10445069103792619 -0.49947875189714913 0.7246770536036827 0.06303557536980767 0.01582650211724506 0.003914915641786121 0.0010424962057019522
0.7749019547014091 0.7749019547014092 0.7749019547014093 0.7749019547014095 -0.3689404548388548 0.05358598898347074 0.05358598898347072 0.05358598898347062 -0.06816334976234785 -0.3845057667266547 0.009900243959522064 0.00990024395952195 -0.013811362474549433 -0.07790914819080347 -0.36303528882465175 0.00200600261560145 -0.0051376531206084744 -0.028981223182291148 -0.13504456116896305 -0.4996268961292927 0.7749019547014092 0.053585988983470646 0.009900243959521821 0.0020060026156014086 0.000746207741414772
0.6847291786663706 0.6847291786663705 0.6847291786663705 0.6847291786663705 -0.3639828062697041 0.08379455838837675 0.08379455838837688 0.08379455838837684 -0.0527223411228936 -0.3612943768091094 0.012137510935944434 0.012137510935944413 -0.014651289271979768 -0.10040199873960827 -0.392574742614257 0.003372956890321446 -0.0039030127662816913 -0.026746470946439817 -0.10457948127975016 -0.49955073258200483 0.6847291786663702 0.08379455838837696 0.012137510935944394 0.0033729568903214254 0.0008985348359900156
0.6207360307189463 0.6207360307189458 0.6207360307189456 0.620736030718946 -0.3256464819011596 0.09948349314055306 0.09948349314055256 0.0994834931405528 -0.0672661031912155 -0.3668608974970738 0.0205494832198006 0.020549483219800647 -0.016581226924217693 -0.09043193380370526 -0.39155011244923427 0.0050654880880243594 -0.004411676859522176 -0.024060732751987526 -0.10417760870956475 -0.4993261265682492 0.620736030718946 0.09948349314055295 0.0205494832198007 0.00506548808802436 0.0013477468635015263
0.6971216444237306 0.6971216444237306 0.6971216444237305 0.6971216444237304 -0.3382049455819089 0.07346993066775823 0.07346993066775824 0.07346993066775827 -0.07119674884044924 -0.35647601049019273 0.015466421379727485 0.015466421379727601 -0.02100589626814914 -0.10517471963813012 -0.4057562059531454 0.004563214591021562 -0.004691303532302941 -0.023488954122632667 -0.09061862907169242 -0.4994904424820479 0.6971216444237304 0.07346993066775838 0.015466421379727483 0.004563214591021616 0.001019115035904274
0.5178546799594157 0.5178546799594154 0.5178546799594154 0.5178546799594156 -0.27696668517322726 0.12893403905695194 0.1289340390569519 0.12893403905695208 -0.08872668498677493 -0.4215819993347711 0.041304209061547414 0.04130420906154743 -0.006361911140091281 -0.0302284168334445 -0.296184734117556 0.0029616085375047943 -0.004298903597043593 -0.020426102628078823 -0.2001394849518525 -0.49899938325806836 0.5178546799594159 0.12893403905695214 0.04130420906154724 0.002961608537504839 0.0020012334838633537
0.6700093341209322 0.6700093341209324 0.6700093341209323 0.6700093341209322 -0.2908993442643962 0.07163636641237132 0.0716363664123713 0.07163636641237134 -0.1096155383057936 -0.3954248188598201 0.02699373175425968 0.026993731754259672 -0.01701093561019575 -0.061364896220577225 -0.3654023279804246 0.004189083407770228 -0.0060822879704390004 -0.021941119444713927 -0.13065020259753432 -0.49925109317317695 0.6700093341209322 0.07163636641237134 0.02699373175425957 0.004189083407770276 0.0014978136536462016
0.7016908393727307 0.7016908393727307 0.7016908393727314 0.7016908393727309 -0.34633639902590735 0.07361883231969142 0.07361883231969166 0.0736188323196914 -0.07290054722753993 -0.390583837675161 0.015496070229559027 0.015496070229559079 -0.013211677888808516 -0.07078503589050433 -0.36472955620803704 0.002808334041393078 -0.004803439385564189 -0.02573568869651627 -0.13260664770317243 -0.4994894795931381 0.701690839372731 0.07361883231969153 0.01549607022955903 0.0028083340413931086 0.0010210408137241013
0.7192114487723064 0.7192114487723061 0.7192114487723064 0.7192114487723061 -0.26185401105863015 0.0511154324113037 0.05111543241130356 0.05111543241130364 -0.1443565523641117 -0.3983613048591741 0.02817924218790904 0.028179242187909067 -0.023809282890836288 -0.0657032662863231 -0.4084543998738892 0.004647711086982884 -0.005123655989932523 -0.014139062289676324 -0.08789764236593882 -0.4994999162121035 0.7192114487723064 0.05111543241130387 0.02817924218790912 0.004647711086983021 0.0010001675757929306
0.5317127798526987 0.5317127798526988 0.5317127798526986 0.5317127798526988 -0.3044384123269113 0.13406168068230598 0.1340616806823057 0.13406168068230573 -0.06135433896973972 -0.36284799616883834 0.027017831739980205 0.02701783173998014 -0.015052080446135886 -0.08901761993958233 -0.3906040160067921 0.006628293673425727 -0.004000260006352874 -0.023657435673382476 -0.10380741912351057 -0.4991192281297242 0.5317127798526986 0.13406168068230592 0.027017831739980302 0.006628293673425729 0.0017615437405514498
0.6721405190804491 0.6721405190804486 0.672140519080449 0.6721405190804493 -0.2943204319101512 0.07178241847560018 0.0717824184756003 0.07178241847560034 -0.11089524033076807 -0.4083293721649809 0.027046469375953845 0.02704646937595395 -0.015353295467884212 -0.05653264721159736 -0.3923497881786866 0.003744546965708444 -0.0040889119776502565 -0.015055856822094473 -0.10449116619087867 -0.4995013734031568 0.6721405190804495 0.07178241847560043 0.02704646937595404 0.003744546965708757 0.0009972531936865822
0.642160912356752 0.6421609123567518 0.6421609123567519 0.6421609123567517 -0.31009949299397765 0.08640024448416773 0.08640024448416758 0.08640024448416746 -0.08885784122208241 -0.3959362327382107 0.02475766448954609 0.024757664489546128 -0.013938537184645125 -0.06210787733382846 -0.3649078854904643 0.003883569782322657 -0.005019983145319672 -0.022368236585891668 -0.13142207180637908 -0.4993006635275756 0.6421609123567517 0.08640024448416742 0.02475766448954608 0.003883569782322694 0.0013986729448487731
0.6954312728653438 0.695431272865344 0.6954312728653439 0.6954312728653437 -0.34026254845951687 0.07451011718880242 0.07451011718880246 0.07451011718880221 -0.07052735033966917 -0.3616593950469473 0.015443959855751525 0.015443959855751286 -0.020808721340710466 -0.10670568985701562 -0.4279263799931563 0.004556658593973748 -0.0033453844332867627 -0.017154900964165186 -0.06879703114776047 -0.49963371668834217 0.6954312728653431 0.07451011718880216 0.015443959855751447 0.004556658593973604 0.000732566623315519
0.804258394408824 0.8042583944088239 0.804258394408824 0.804258394408824 -0.3385457933307543 0.04119788964180521 0.04119788964180502 0.041197889641805124 -0.0855225382208685 -0.34414795346675037 0.01040730134864845 0.010407301348648534 -0.031083433001800432 -0.12508164604123276 -0.4283672091780357 0.00378256610397624 -0.005000466971249109 -0.020122186622771814 -0.0689124679676428 -0.4996957447256807 0.8042583944088239 0.04119788964180505 0.010407301348648581 0.003782566103976225 0.0006085105486386512
0.69885376056657 0.6988537605665696 0.6988537605665702 0.6988537605665699 -0.3415307979942564 0.0735852915660682 0.07358529156606829 0.07358529156606813 -0.07189078669249976 -0.37000012935235554 0.015489392261984385 0.01548939226198429 -0.01778767519568148 -0.09154778276986761 -0.39229655265884295 0.0038324838440446612 -0.004736935052511587 -0.024379571608525216 -0.10447027342394288 -0.4994896964651276 0.6988537605665702 0.07358529156606831 0.015489392261984402 0.0038324838440449093 0.0010206070697449292
0.6761614412132413 0.6761614412132411 0.6761614412132411 0.6761614412132413 -0.3353057101870532 0.0802951124698199 0.0802951124698196 0.08029511246982003 -0.07023387443967968 -0.3607204939044867 0.016818791556455565 0.016818791556455673 -0.01736060758507775 -0.08916391118291003 -0.35838069037352943 0.004157316431654587 -0.00666504333456763 -0.03423159754065667 -0.13758866559860783 -0.4992019664623862 0.6761614412132414 0.08029511246982031 0.016818791556455548 0.0041573164316546195 0.0015960670752274845
0.7372791293889218 0.7372791293889221 0.737279129388922 0.7372791293889221 -0.2830146489008989 0.05042449459851105 0.050424494598510866 0.050424494598510665 -0.1294073628485027 -0.3944987012654917 0.02305640677718697 0.023056406777186848 -0.02255778967264861 -0.06876748380768771 -0.3921835762789254 0.004019103420689455 -0.006006417955691867 -0.01831058164404603 -0.10442594370606274 -0.4994649206482078 0.737279129388922 0.050424494598510665 0.023056406777186834 0.004019103420689447 0.001070158703584466
0.6182215849035332 0.6182215849035327 0.6182215849035329 0.6182215849035329 -0.321304778021124 0.09920975901785087 0.09920975901785095 0.09920975901785099 -0.06638238641873266 -0.3493938008319859 0.02049698918327105 0.020496989183271114 -0.0198891005369352 -0.10468331746760376 -0.3967439763522063 0.006141187452934255 -0.004923105957436192 -0.02591203473037365 -0.09820517674639381 -0.4992399425886775 0.6182215849035329 0.09920975901785105 0.020496989183271194 0.006141187452934222 0.0015201148226451132
0.69885376056657 0.6988537605665696 0.6988537605665702 0.6988537605665699 -0.3415307979942564 0.0735852915660682 0.07358529156606829 0.07358529156606813 -0.07189078669249976 -0.37000012935235554 0.015489392261984385 0.01548939226198429 -0.01778767519568148 -0.09154778276986761 -0.39229655265884295 0.0038324838440446612 -0.004736935052511587 -0.024379571608525216 -0.10447027342394288 -0.4994896964651276 0.6988537605665702 0.07358529156606831 0.015489392261984402 0.0038324838440449093 0.0010206070697449292
0.6980654506294124 0.698065450629413 0.6980654506294132 0.6980654506294127 -0.34001221776174617 0.07353281533831968 0.07353281533831971 0.07353281533831982 -0.07157389405739052 -0.3637331784958308 0.015478943578593739 0.015478943578593694 -0.01900653562416452 -0.09658979304979917 -0.3936997381100873 0.004110452511010035 -0.004965546826115954 -0.025234537729423752 -0.10285590828713341 -0.4994630624743101 0.6980654506294126 0.0735328153383197 0.015478943578593751 0.004110452511010217 0.001073875051379688
0.7246770536036827 0.7246770536036825 0.7246770536036828 0.724677053603683 -0.33183165899619355 0.06303557536980765 0.06303557536980754 0.06303557536980754 -0.08331381799661672 -0.369790989634278 0.01582650211724508 0.015826502117245275 -0.02060888545274106 -0.09147318332161938 -0.39224664982299723 0.003914915641785911 -0.0054879049394856065 -0.024358237893665993 -0.10445069103792619 -0.49947875189714913 0.7246770536036827 0.06303557536980767 0.01582650211724506 0.003914915641786121 0.0010424962057019522
0.7095516087632681 0.7095516087632684 0.7095516087632678 0.7095516087632681 -0.3313527819887202 0.06781809897393161 0.06781809897393154 0.06781809897393161 -0.08305707035709482 -0.3794808580489991 0.016999321943685877 0.01699932194368596 -0.01734590917543676 -0.07925201875330126 -0.37232100855415473 0.003550193778945399 -0.005796595800560111 -0.026484164908567587 -0.1244209440287823 -0.49940680427465417 0.709551608763268 0.06781809897393151 0.016999321943685995 0.0035501937789454243 0.0011863914506913598
0.69885376056657 0.6988537605665696 0.6988537605665702 0.6988537605665699 -0.3415307979942564 0.0735852915660682 0.07358529156606829 0.07358529156606813 -0.07189078669249976 -0.37000012935235554 0.015489392261984385 0.01548939226198429 -0.01778767519568148 -0.09154778276986761 -0.39229655265884295 0.0038324838440446612 -0.004736935052511587 -0.024379571608525216 -0.10447027342394288 -0.4994896964651276 0.6988537605665702 0.07358529156606831 0.015489392261984402 0.0038324838440449093 0.0010206070697449292
0.8075385707222411 0.8075385707222409 0.8075385707222409 0.8075385707222408 -0.3465323154560607 0.04129468680607724 0.041294686806077355 0.0412946868060772 -0.08753399016886503 -0.3735856556786608 0.01043102922205782 0.010431029222057716 -0.020286837878877976 -0.08658204219876836 -0.3685757349283744 0.002417490603701069 -0.0071093560710332685 -0.030341967093312064 -0.12916434559162102 -0.4995764051154079 0.8075385707222412 0.041294686806077584 0.010431029222057991 0.002417490603701518 0.0008471897691846293
0.698641196757199 0.698641196757199 0.6986411967571993 0.6986411967571992 -0.3464830560115902 0.0747277140170197 0.07472771401701969 0.07472771401701993 -0.07180516850218417 -0.3883548511166186 0.015486575760852358 0.015486575760852356 -0.013505307349600253 -0.07304281480627124 -0.36826376625652163 0.002912756418597022 -0.004731305866894009 -0.025589043572384677 -0.12901361462947836 -0.4994897879339063 0.698641196757199 0.07472771401701983 0.015486575760852318 0.0029127564185971043 0.001020424132187476
0.6730099543018698 0.67300995430187 0.6730099543018698 0.6730099543018698 -0.3625145131789667 0.08806603563062343 0.08806603563062364 0.08806603563062355 -0.04648892384200071 -0.32508705205465405 0.01129360363422973 0.011293603634229718 -0.020154844711831335 -0.140938496968799 -0.4307541797569076 0.004896237827712789 -0.0030775576083495516 -0.021520698862097034 -0.06577430003521503 -0.49962618283111554 0.67300995430187 0.08806603563062372 0.011293603634229639 0.0048962378277130235 0.000747634337769072
0.8282715349369048 0.8282715349369046 0.8282715349369045 0.828271534936905 -0.3242714537010116 0.0336161733555743 0.033616173355574146 0.033616173355574576 -0.10204872056692149 -0.3556856001286517 0.010579060975423429 0.010579060975423712 -0.03110508552299303 -0.10841518590175332 -0.40253303130647444 0.003224563664938152 -0.007330098782112516 -0.02554868468545103 -0.09485930782471332 -0.4996200561773775 0.8282715349369048 0.03361617335557445 0.010579060975423518 0.0032245636649380544 0.0007598876452449205
0.6892329950685244 0.6892329950685244 0.6892329950685238 0.6892329950685239 -0.32354746325331635 0.07294186206103874 0.07294186206103863 0.07294186206103867 -0.0868490268340281 -0.3883015928045804 0.01957959945587114 0.019579599455871188 -0.016860642324232154 -0.07538385297879346 -0.39231553248522777 0.00380113209452592 -0.004490165069492507 -0.020075507026364934 -0.10447772192242433 -0.4994938594204434 0.6892329950685238 0.0729418620610386 0.019579599455871045 0.0038011320945258 0.0010122811591131492
0.6982386364678936 0.698238636467894 0.698238636467894 0.6982386364678936 -0.3403451287808796 0.07354434771180944 0.0735443477118093 0.07354434771180914 -0.07164336550531544 -0.3650936078125217 0.015481239889757139 0.015481239889757073 -0.017726563771778538 -0.09033432580825915 -0.3721456949804974 0.003830489874901304 -0.0059227002043327915 -0.030181998993769877 -0.12433923529000598 -0.4993600890884197 0.6982386364678939 0.07354434771180925 0.015481239889757421 0.0038304898749016818 0.0012798218231609578
0.7025340025754031 0.7025340025754033 0.7025340025754032 0.7025340025754031 -0.384959821897566 0.08149958362824171 0.08149958362824172 0.08149958362824168 -0.04359932982969629 -0.3753100455424751 0.009230384641377334 0.00923038464137726 -0.0077736092877387745 -0.06691647938642185 -0.28648757833046196 0.0016457455666838402 -0.005735724266571368 -0.04937403726421048 -0.21138363072776706 -0.49939284684668167 0.7025340025754028 0.08149958362824147 0.009230384641377225 0.0016457455666838156 0.0012143063066367972
0.8083888960994847 0.8083888960994849 0.8083888960994845 0.8083888960994842 -0.3195830438966684 0.03787512429004912 0.03787512429004908 0.03787512429004906 -0.09767759531333027 -0.33952674820958184 0.011576180693872212 0.011576180693872116 -0.03384335539380419 -0.1176393047812001 -0.3937598390414182 0.00401091771422997 -0.00884238330007104 -0.030736072470512178 -0.10287914376291309 -0.4994760260706779 0.8083888960994844 0.03787512429004942 0.011576180693872166 0.004010917714229794 0.0010479478586440767
0.8507859780206684 0.8507859780206684 0.8507859780206684 0.8507859780206684 -0.36558182211927304 0.032058552591486204 0.03205855259148616 0.0320585525914863 -0.08074540417014679 -0.37573260796584185 0.007080715258497975 0.007080715258497982 -0.01969840685387357 -0.09166260118510315 -0.38779290114158116 0.00172739007763735 -0.0056238028380104265 -0.026169243051391563 -0.1107130558414432 -0.49975341911421994 0.8507859780206682 0.03205855259148616 0.007080715258498037 0.0017273900776371928 0.0004931617715600598
0.6792423351549913 0.6792423351549913 0.6792423351549914 0.6792423351549913 -0.30606667786616115 0.07226672116720864 0.0722667211672089 0.07226672116720866 -0.10503734301223751 -0.41633091241028747 0.02480081932646423 0.02480081932646423 -0.013445763902101419 -0.053294257003082865 -0.40282038729137737 0.003174737209446125 -0.003158162411879841 -0.012517839853628317 -0.09461509328478576 -0.49962715633728705 0.6792423351549918 0.07226672116720877 0.0248008193264643 0.003174737209446043 0.0007456873254260738
0.6772819737956168 0.6772819737956164 0.6772819737956169 0.6772819737956166 -0.30276990399357095 0.07213340203291847 0.0721334020329186 0.07213340203291885 -0.10398076559750095 -0.40349153348372147 0.02477289277964208 0.024772892779641967 -0.01578916333720342 -0.061268963454393796 -0.3923394109781185 0.003761688502534055 -0.004204940256866209 -0.016317035008359078 -0.10448709335280623 -0.49949909709969165 0.6772819737956163 0.07213340203291878 0.024772892779641884 0.0037616885025339294 0.0010018058006166604
0.6772691789508366 0.6772691789508362 0.6772691789508364 0.6772691789508362 -0.3373634494760847 0.08037984484253227 0.08037984484253248 0.08037984484253242 -0.07066051172073073 -0.3691650195808305 0.01683549589449188 0.016835495894491945 -0.017465848988449845 -0.0912501243877242 -0.392097435939738 0.004161393991894749 -0.004650113456834117 -0.024294463534738905 -0.10439215204822208 -0.4994460345382096 0.677269178950836 0.08037984484253217 0.016835495894491903 0.004161393991894698 0.0011079309235808238
0.7191158459836045 0.719115845983604 0.7191158459836043 0.7191158459836041 -0.30464436582456167 0.059496516067902176 0.0594965160679023 0.059496516067902384 -0.09762162609601117 -0.3541952982134161 0.01906533419672977 0.019065334196729858 -0.028730513164520213 -0.1042413764765957 -0.40513638285065795 0.005611019371736485 -0.006411269318061565 -0.023261663822358444 -0.09040696370883274 -0.4993739451130742 0.7191158459836045 0.05949651606790222 0.019065334196729865 0.00561101937173647 0.0012521097738514382
0.6973267004432252 0.6973267004432249 0.6973267004432248 0.697326700443225 -0.33859660194462704 0.07348359862325125 0.07348359862325131 0.07348359862325132 -0.07127848133991758 -0.35803060764154565 0.015469143172659431 0.015469143172659667 -0.01763643937615746 -0.08858753704875579 -0.3457265173467071 0.0038275311235192095 -0.007670611734008902 -0.038529353157971444 -0.15036673923551555 -0.49916764646984124 0.6973267004432252 0.07348359862325135 0.015469143172659449 0.0038275311235191206 0.001664707060317484
0.69885376056657 0.6988537605665696 0.6988537605665702 0.6988537605665699 -0.3415307979942564 0.0735852915660682 0.07358529156606829 0.07358529156606813 -0.07189078669249976 -0.37000012935235554 0.015489392261984385 0.01548939226198429 -0.01778767519568148 -0.09154778276986761 -0.39229655265884295 0.0038324838440446612 -0.004736935052511587 -0.024379571608525216 -0.10447027342394288 -0.4994896964651276 0.6988537605665702 0.07358529156606831 0.015489392261984402 0.0038324838440449093 0.0010206070697449292
0.69885376056657 0.6988537605665696 0.6988537605665702 0.6988537605665699 -0.3415307979942564 0.0735852915660682 0.07358529156606829 0.07358529156606813 -0.07189078669249976 -0.37000012935235554 0.015489392261984385 0.01548939226198429 -0.01778767519568148 -0.09154778276986761 -0.39229655265884295 0.0038324838440446612 -0.004736935052511587 -0.024379571608525216 -0.10447027342394288 -0.4994896964651276 0.6988537605665702 0.07358529156606831 0.015489392261984402 0.0038324838440449093 0.0010206070697449292
0.69885376056657 0.6988537605665696 0.6988537605665702 0.6988537605665699 -0.3415307979942564 0.0735852915660682 0.07358529156606829 0.07358529156606813 -0.07189078669249976 -0.37000012935235554 0.015489392261984385 0.01548939226198429 -0.01778767519568148 -0.09154778276986761 -0.39229655265884295 0.0038324838440446612 -0.004736935052511587 -0.024379571608525216 -0.10447027342394288 -0.4994896964651276 0.6988537605665702 0.07358529156606831 0.015489392261984402 0.0038324838440449093 0.0010206070697449292
0.6721405190804491 0.6721405190804486 0.672140519080449 0.6721405190804493 -0.2943204319101512 0.07178241847560018 0.0717824184756003 0.07178241847560034 -0.11089524033076807 -0.4083293721649809 0.027046469375953845 0.02704646937595395 -0.015353295467884212 -0.05653264721159736 -0.3923497881786866 0.003744546965708444 -0.0040889119776502565 -0.015055856822094473 -0.10449116619087867 -0.4995013734031568 0.6721405190804495 0.07178241847560043 0.02704646937595404 0.003744546965708757 0.0009972531936865822
0.7081874197630712 0.7081874197630711 0.708187419763071 0.708187419763071 -0.3601616958504404 0.07420331880774364 0.07420331880774363 0.07420331880774368 -0.05612423462625882 -0.34230286939144444 0.011563152114161144 0.011563152114161264 -0.018747782959279792 -0.11434311655961561 -0.3896867055408219 0.0038625643201201532 -0.005148659821583494 -0.031401782887280044 -0.10701874926657523 -0.4994696164936815 0.7081874197630712 0.07420331880774364 0.011563152114161201 0.003862564320120135 0.0010607670126371348
0.8344980960607721 0.8344980960607722 0.8344980960607723 0.8344980960607721 -0.3514264988241532 0.03484834472639604 0.03484834472639609 0.0348483447263961 -0.08830411752822626 -0.37417717545543167 0.008756460707089839 0.008756460707089662 -0.021958332134311594 -0.09304556713454087 -0.3932984861722652 0.002177444018574321 -0.005854681255094448 -0.024808447856610835 -0.10486394233247179 -0.49970971746393156 0.8344980960607722 0.034848344726396106 0.00875646070708972 0.0021774440185742586 0.000580565072136936
0.7018971811356728 0.7018971811356731 0.7018971811356726 0.7018971811356727 -0.34747221046252813 0.07378747785274019 0.07378747785274019 0.07378747785274009 -0.07313055537892414 -0.39612336901183215 0.015529642581195179 0.015529642581195163 -0.012072802335624237 -0.06539426796120833 -0.35646266743032823 0.0025637205167417126 -0.00477616117344565 -0.025870842155727002 -0.1410213722243957 -0.4994928790329194 0.7018971811356729 0.07378747785274019 0.015529642581195395 0.002563720516741643 0.0010142419341609384
0.8476207432019316 0.8476207432019313 0.847620743201931 0.8476207432019314 -0.24862980842296514 0.022348453438161935 0.022348453438161907 0.02234845343816203 -0.1640909829110933 -0.3658508203772632 0.014749557643435147 0.014749557643435437 -0.042673305453123735 -0.09514272832830623 -0.3922945739402785 0.003835752382309837 -0.011364059174654748 -0.025336860673909514 -0.10446949690950144 -0.4994892624722993 0.8476207432019311 0.022348453438162212 0.01474955764343553 0.003835752382309802 0.001021475055401518
0.7246770536036827 0.7246770536036825 0.7246770536036828 0.724677053603683 -0.33183165899619355 0.06303557536980765 0.06303557536980754 0.06303557536980754 -0.08331381799661672 -0.369790989634278 0.01582650211724508 0.015826502117245275 -0.02060888545274106 -0.09147318332161938 -0.39224664982299723 0.003914915641785911 -0.0054879049394856065 -0.024358237893665993 -0.10445069103792619 -0.49947875189714913 0.7246770536036827 0.06303557536980767 0.01582650211724506 0.003914915641786121 0.0010424962057019522
0.6964854039952728 0.6964854039952727 0.6964854039952724 0.6964854039952724 -0.33699324548625353 0.07342750341454113 0.07342750341454109 0.07342750341454107 -0.07094388314069752 -0.3517283556676207 0.015457972203679483 0.015457972203679683 -0.017555147772374567 -0.08703559751915073 -0.3244211991818323 0.0038250935004315346 -0.009271254192820768 -0.04596538627227685 -0.17133386982294282 -0.49898994259081053 0.6964854039952726 0.07342750341454128 0.015457972203679803 0.003825093500431561 0.002020114818378919
0.839674633032373 0.8396746330323734 0.8396746330323728 0.8396746330323731 -0.22662876325694006 0.021635963625203248 0.02163596362520316 0.021635963625203185 -0.1840750398014469 -0.3747494920619299 0.017573413048795616 0.01757341304879581 -0.03891964844736399 -0.0792346344328422 -0.3586629244156837 0.0037156099958863893 -0.014945989603093547 -0.03042781910118665 -0.13773434635674364 -0.4992865625643719 0.8396746330323732 0.021635963625203154 0.01757341304879558 0.0037156099958862857 0.00142687487125616
0.69885376056657 0.6988537605665696 0.6988537605665702 0.6988537605665699 -0.3415307979942564 0.0735852915660682 0.07358529156606829 0.07358529156606813 -0.07189078669249976 -0.37000012935235554 0.015489392261984385 0.01548939226198429 -0.01778767519568148 -0.09154778276986761 -0.39229655265884295 0.0038324838440446612 -0.004736935052511587 -0.024379571608525216 -0.10447027342394288 -0.4994896964651276 0.6988537605665702 0.07358529156606831 0.015489392261984402 0.0038324838440449093 0.0010206070697449292
0.5174251685593411 0.517425168559341 0.517425168559341 0.5174251685593408 -0.2763200607184579 0.12885448450077633 0.12885448450077644 0.12885448450077638 -0.08852377764703834 -0.4187754561306764 0.04128070073925144 0.041280700739251434 -0.009683266812884875 -0.04580819508821152 -0.42794980014146183 0.0045155330026114765 -0.0015568166129638903 -0.00736476237836683 -0.0688031602607829 -0.499637010064336 0.517425168559341 0.12885448450077647 0.041280700739251566 0.0045155330026113195 0.0007259798713281513
0.7372791293889218 0.7372791293889221 0.737279129388922 0.7372791293889221 -0.2830146489008989 0.05042449459851105 0.050424494598510866 0.050424494598510665 -0.1294073628485027 -0.3944987012654917 0.02305640677718697 0.023056406777186848 -0.02255778967264861 -0.06876748380768771 -0.3921835762789254 0.004019103420689455 -0.006006417955691867 -0.01831058164404603 -0.10442594370606274 -0.4994649206482078 0.737279129388922 0.050424494598510665 0.023056406777186834 0.004019103420689447 0.001070158703584466
0.7353613274391997 0.7353613274391996 0.7353613274391996 0.7353613274391996 -0.29554490553115964 0.0531797148989591 0.05317971489895902 0.05317971489895911 -0.11788513075776041 -0.39060055220406975 0.02121199698319012 0.021211996983190238 -0.02194261956300467 -0.07270466820557168 -0.39222643477389285 0.003948307788962821 -0.005842920125256592 -0.01935992955803058 -0.10444275911623134 -0.49947431875727977 0.7353613274391992 0.05317971489895892 0.021211996983190158 0.003948307788962668 0.0010513624854405132
0.7694821338383843 0.7694821338383842 0.7694821338383844 0.7694821338383842 -0.360454519896383 0.05399164133957363 0.05399164133957374 0.05399164133957375 -0.07194274697217053 -0.37654183465279084 0.010776136175575657 0.010776136175575575 -0.016982714442419052 -0.08888599230172017 -0.3888129246938229 0.002543801163628348 -0.004761000265997458 -0.024918645039152674 -0.10900132862546347 -0.49964343044047105 0.7694821338383845 0.05399164133957377 0.01077613617557559 0.0025438011636283934 0.000713139119057919
0.69885376056657 0.6988537605665696 0.6988537605665702 0.6988537605665699 -0.3415307979942564 0.0735852915660682 0.07358529156606829 0.07358529156606813 -0.07189078669249976 -0.37000012935235554 0.015489392261984385 0.01548939226198429 -0.01778767519568148 -0.09154778276986761 -0.39229655265884295 0.0038324838440446612 -0.004736935052511587 -0.024379571608525216 -0.10447027342394288 -0.4994896964651276 0.6988537605665702 0.07358529156606831 0.015489392261984402 0.0038324838440449093 0.0010206070697449292
0.7013506491879422 0.7013506491879422 0.7013506491879419 0.7013506491879421 -0.34639595889251623 0.07375121728834981 0.07375121728834967 0.07375121728834974 -0.07290598645811516 -0.39119131362057985 0.015522424874945838 0.015522424874946013 -0.013074045294757277 -0.07015134424015167 -0.363712790810813 0.002783597009775212 -0.004803681325047602 -0.02577509062084615 -0.13363578766241044 -0.4994886237323317 0.7013506491879424 0.0737512172883499 0.0155224248749459 0.0027835970097751235 0.0010227525353364128
0.6689445852892396 0.6689445852892391 0.6689445852892394 0.6689445852892393 -0.28920755939516596 0.07156327341498353 0.07156327341498384 0.07156327341498375 -0.10898267899213346 -0.38923280538607646 0.026967335399262188 0.02696733539926215 -0.01885419628198728 -0.06733796397744454 -0.3753840414211434 0.004665396735719595 -0.006047319020589748 -0.021598064657766494 -0.12040115737421465 -0.49925180734313596 0.668944585289239 0.07156327341498388 0.02696733539926221 0.004665396735719526 0.0014963853137281735
0.8053316987767597 0.8053316987767593 0.8053316987767594 0.8053316987767588 -0.34112901841069354 0.041229599314685624 0.04122959931468557 0.04122959931468536 -0.0861731442397276 -0.353295650921437 0.010415074698843675 0.010415074698843473 -0.026269074378985822 -0.10769886388280263 -0.39269462007715494 0.0031749377876415766 -0.006998932104611425 -0.028694465027001636 -0.10462656369669353 -0.4995770468785561 0.8053316987767591 0.041229599314685283 0.010415074698843578 0.003174937787641896 0.000845906242888081
0.7971927546500653 0.7971927546500654 0.7971927546500657 0.7971927546500654 -0.2953774730740092 0.037572275527554315 0.03757227552755462 0.037572275527554426 -0.12165693043568393 -0.3673461539679504 0.015474869029774723 0.015474869029774541 -0.029153132783031985 -0.08802861592521816 -0.3691671885104311 0.0037083042454664874 -0.01005974803978694 -0.030375661617206846 -0.12738695798528327 -0.499360195581005 0.7971927546500652 0.03757227552755426 0.015474869029774449 0.003708304245466306 0.0012796088379901194
0.8318867274239597 0.8318867274239596 0.8318867274239603 0.8318867274239597 -0.21301806020740355 0.021524062134132226 0.021524062134132355 0.02152406213413211 -0.17302355538176786 -0.33478519128415957 0.01748288268647105 0.017482882686470785 -0.06188920772660925 -0.11975011264484302 -0.40342169559086793 0.006253493958412491 -0.014049811797267168 -0.02718513626468992 -0.09158299332290602 -0.4992901798518803 0.8318867274239599 0.021524062134132275 0.017482882686471038 0.0062534939584125504 0.001419640296239697
0.6711626327769876 0.6711626327769871 0.6711626327769875 0.6711626327769873 -0.2927448716520129 0.07171544433558581 0.07171544433558596 0.07171544433558594 -0.11030589011515357 -0.40232122406634924 0.02702228694152514 0.027022286941525083 -0.018210287244487026 -0.06641880181696101 -0.427980808898261 0.0044610818759940355 -0.0029278721737181625 -0.010678895892235921 -0.06881127598017503 -0.4996413709099136 0.6711626327769873 0.07171544433558602 0.027022286941525007 0.004461081875994214 0.0007172581801728498
0.69885376056657 0.6988537605665696 0.6988537605665702 0.6988537605665699 -0.3415307979942564 0.0735852915660682 0.07358529156606829 0.07358529156606813 -0.07189078669249976 -0.37000012935235554 0.015489392261984385 0.01548939226198429 -0.01778767519568148 -0.09154778276986761 -0.39229655265884295 0.0038324838440446612 -0.004736935052511587 -0.024379571608525216 -0.10447027342394288 -0.4994896964651276 0.6988537605665702 0.07358529156606831 0.015489392261984402 0.0038324838440449093 0.0010206070697449292
0.7013506491879422 0.7013506491879422 0.7013506491879419 0.7013506491879421 -0.34639595889251623 0.07375121728834981 0.07375121728834967 0.07375121728834974 -0.07290598645811516 -0.39119131362057985 0.015522424874945838 0.015522424874946013 -0.013074045294757277 -0.07015134424015167 -0.363712790810813 0.002783597009775212 -0.004803681325047602 -0.02577509062084615 -0.13363578766241044 -0.4994886237323317 0.7013506491879424 0.0737512172883499 0.0155224248749459 0.0027835970097751235 0.0010227525353364128
0.40162060694897667 0.40162060694897694 0.4016206069489768 0.4016206069489768 -0.28739900125527246 0.21409962158197765 0.21409962158197793 0.2140996215819781 -0.046260288410510664 -0.4297903811088501 0.03446188121637311 0.0344618812163733 -0.00429858017545992 -0.039936811362771024 -0.4179645197758693 0.00320225326074943 -0.0008188207501739536 -0.0076074165200637565 -0.07961652630854607 -0.49969500726865784 0.40162060694897717 0.2140996215819777 0.03446188121637324 0.003202253260749428 0.0006099854626843568
0.7213403912520532 0.7213403912520531 0.7213403912520532 0.721340391252053 -0.3086128275395552 0.059609811692022764 0.059609811692022806 0.059609811692022854 -0.09888611223819299 -0.3677599871302287 0.019100251199763687 0.019100251199763857 -0.024401731417930166 -0.09075066487189964 -0.3917633256103039 0.0047132927894764755 -0.00649410614520707 -0.02415174728106301 -0.10426115166742574 -0.49937281860979327 0.7213403912520532 0.059609811692022875 0.019100251199763735 0.004713292789476259 0.0012543627804134018
0.7971059006800797 0.7971059006800796 0.7971059006800791 0.7971059006800794 -0.29520029162004463 0.037569912125933025 0.03756991212593303 0.03756991212593304 -0.12158411770462413 -0.3667734338648001 0.015473916346773914 0.015473916346773977 -0.03126948098237703 -0.09432823243360429 -0.3937787235343987 0.003979642588712317 -0.008170085263770967 -0.02464606630975717 -0.10288644535379707 -0.49948009979303076 0.7971059006800797 0.03756991212593315 0.015473916346773867 0.003979642588712334 0.0010398004139384844
0.6748100595508679 0.6748100595508678 0.6748100595508681 0.6748100595508679 -0.33281536841345316 0.08019160970048365 0.08019160970048396 0.08019160970048383 -0.06971752244186813 -0.3508726324746423 0.01679838396764691 0.01679838396764677 -0.017234563072749936 -0.08673768520572811 -0.32420074891794 0.004152654854482196 -0.009100545158638935 -0.0458009998767326 -0.1711910852360005 -0.4989036152854026 0.6748100595508687 0.08019160970048368 0.016798383967646758 0.0041526548544820515 0.0021927694291946995
