195.855357339937
391.823111718485
586.900216383933
781.597055319607
975.585176646348
195.855357339937
462.607855272183
388.474690095897
781.597055319607
975.585176646348
195.855357339937
391.823111718485
586.900216383933
781.597055319607
975.585176646348
149.722627069688
562.239509943664
719.946364751822
781.537058237696
492.393956705695
177.234456520352
434.429482503225
286.203611693547
652.712304759387
926.626102444208
195.855357339937
391.823111718485
586.900216383933
781.597055319607
975.585176646348
195.855357339937
391.823111718485
586.900216383933
781.597055319607
975.585176646348
195.855357339937
391.823111718485
586.900216383933
781.597055319607
975.585176646348
195.855357339937
391.823111718485
586.900216383933
781.597055319607
975.585176646348
195.855357339937
391.823111718485
586.900216383933
781.597055319607
975.585176646348
195.855357339937
391.823111718485
586.900216383933
781.597055319607
975.585176646348
195.855357339937
391.823111718485
586.900216383933
781.597055319607
975.585176646348
195.855357339937
391.823111718485
586.900216383933
781.597055319607
975.585176646348
177.431925805965
562.239509943664
587.088009343993
643.765847025384
862.945536540426
233.479914777336
232.491437546242
332.16950985815
781.537058237696
492.393956705695
216.582542828288
391.823111718485
586.900216383933
1065.99585024217
975.585176646348
195.855357339937
391.823111718485
332.16950985815
697.638009256642
648.641321063896
290.858043531647
324.719384457185
684.06647921991
781.597055319607
975.585176646348
195.855357339937
462.607855272183
388.474690095897
781.597055319607
975.585176646348
195.855357339937
391.823111718485
586.900216383933
407.689913974206
753.195369863372
216.582542828288
391.823111718485
586.900216383933
728.459250263956
926.626102444208
177.234456520352
717.7019482316
286.203611693547
781.597055319607
975.585176646348
195.855357339937
391.823111718485
586.900216383933
407.689913974206
753.195369863372
175.770438359631
1229.60267130655
616.413225911045
407.689913974206
753.195369863372
195.855357339937
563.962761575213
443.954200312056
781.597055319607
1218.59414477319
100.795459317809
453.860464674415
586.900216383933
781.597055319607
1250.78649572162
195.855357339937
391.823111718485
586.900216383933
781.597055319607
975.585176646348
330.271734659208
80.8840776532655
223.135177000795
907.670382904113
1757.50230147027
195.855357339937
391.823111718485
586.900216383933
781.597055319607
975.585176646348
125.230250144865
172.512196937418
557.858147547827
598.898698931074
873.730739568419
177.234456520352
717.7019482316
286.203611693547
652.712304759387
926.626102444208
149.722627069688
562.239509943664
719.946364751822
781.597055319607
975.585176646348
175.770438359631
988.607393597163
568.478714534942
781.597055319607
753.195369863372
195.855357339937
391.823111718485
586.900216383933
781.597055319607
975.585176646348
195.855357339937
462.607855272183
586.900216383933
781.597055319607
975.585176646348
134.962657203977
386.174408789203
667.845617041668
1090.08678071681
975.585176646348
174.544568998111
305.847526422361
657.298217376489
781.597055319607
975.585176646348
277.701962490315
391.823111718485
586.900216383933
781.597055319607
975.585176646348
195.855357339937
391.823111718485
586.900216383933
655.954422685707
975.585176646348
233.479914777336
232.491437546242
223.135177000795
999.125697954075
492.393956705695
195.855357339937
391.823111718485
332.16950985815
697.638009256642
648.641321063896
195.472182528288
391.823111718485
586.900216383933
1065.99585024217
975.585176646348
195.855357339937
561.616516847182
332.16950985815
655.954422685707
1012.36964140381
400.294409391358
391.823111718485
586.900216383933
781.597055319607
975.585176646348
195.855357339937
391.823111718485
332.16950985815
781.597055319607
975.585176646348
282.248224099469
462.607855272183
507.607893645292
1056.69059830991
975.585176646348
195.855357339937
386.174408789203
586.900216383933
655.954422685707
1354.86295714465
149.722627069688
562.239509943664
719.946364751822
655.954422685707
1354.86295714465
195.855357339937
391.823111718485
586.900216383933
781.597055319607
975.585176646348
216.582542828288
391.823111718485
586.900216383933
781.597055319607
676.884324139822
199.054292015854
586.591703055636
416.484965406993
781.597055319607
975.585176646348
277.701962490315
391.823111718485
586.900216383933
643.765847025384
862.945536540426
195.855357339937
391.823111718485
586.900216383933
781.597055319607
975.585176646348
195.855357339937
391.823111718485
586.900216383933
728.459250263956
926.626102444208
195.855357339937
462.607855272183
586.900216383933
781.597055319607
975.585176646348
179.869639871022
391.823111718485
496.256482820715
781.597055319607
777.788555729051
195.855357339937
391.823111718485
586.900216383933
781.597055319607
975.585176646348
149.722627069688
562.239509943664
719.946364751822
1027.26671632209
975.585176646348
195.855357339937
386.174408789203
586.900216383933
1027.26671632209
975.585176646348
195.855357339937
324.477039481015
783.899933879994
598.898698931074
1301.99324771282
149.722627069688
695.199168951216
719.946364751822
781.597055319607
1102.84623454014
195.855357339937
391.823111718485
462.366951280976
781.597055319607
975.585176646348
195.855357339937
391.823111718485
586.900216383933
781.597055319607
777.788555729051
117.075145506378
213.690872694897
586.900216383933
1088.99015495961
491.756419443176
175.770438359631
717.7019482316
762.895637809273
728.459250263956
926.626102444208
113.977221666425
562.239509943664
827.993313148061
1125.3239277803
1312.26604369288
195.855357339937
391.823111718485
363.728853132038
927.15398179297
1312.58904177881
195.855357339937
391.823111718485
363.502405656595
781.597055319607
975.585176646348
216.582542828288
391.823111718485
586.900216383933
781.597055319607
975.585176646348
236.241100968629
586.591703055636
586.900216383933
655.954422685707
975.585176646348
195.855357339937
391.823111718485
586.900216383933
781.597055319607
597.731080486843
195.855357339937
391.823111718485
586.900216383933
781.597055319607
975.585176646348
195.855357339937
391.823111718485
586.900216383933
781.597055319607
975.585176646348
195.855357339937
391.823111718485
586.900216383933
781.597055319607
975.585176646348
195.855357339937
391.823111718485
332.16950985815
781.597055319607
975.585176646348
195.855357339937
391.823111718485
789.264186665389
781.597055319607
946.027063351842
100.795459317809
453.860464674415
586.900216383933
781.597055319607
975.585176646348
195.855357339937
391.823111718485
586.900216383933
1169.91194878022
984.21348194259
175.770438359631
1229.60267130655
616.413225911045
781.597055319607
975.585176646348
195.855357339937
462.607855272183
586.900216383933
781.597055319607
975.585176646348
195.855357339937
391.823111718485
586.900216383933
781.537058237696
492.393956705695
171.157569069326
1229.60267130655
502.612456520561
781.597055319607
676.884324139822
195.855357339937
391.823111718485
586.900216383933
781.597055319607
975.585176646348
233.479914777336
232.491437546242
223.135177000795
655.954422685707
1354.86295714465
199.054292015854
586.591703055636
416.484965406993
781.597055319607
975.585176646348
195.855357339937
547.875088025114
443.954200312056
781.597055319607
975.585176646348
129.497836060653
366.441162138876
586.900216383933
821.999020826641
975.585176646348
195.855357339937
391.823111718485
586.900216383933
781.597055319607
975.585176646348
195.855357339937
391.823111718485
586.900216383933
1077.24360267622
975.585176646348
195.855357339937
391.823111718485
332.16950985815
626.11308543382
648.641321063896
149.722627069688
562.239509943664
719.946364751822
781.597055319607
975.585176646348
175.770438359631
717.7019482316
568.478714534942
781.597055319607
753.195369863372
171.157569069326
1229.60267130655
502.612456520561
463.214975456744
676.884324139822
195.855357339937
391.823111718485
332.16950985815
655.954422685707
1354.86295714465
195.855357339937
391.823111718485
586.900216383933
781.597055319607
975.585176646348
195.855357339937
391.823111718485
586.900216383933
1077.24360267622
975.585176646348
233.479914777336
126.45971817703
223.135177000795
776.254442250927
1354.86295714465
236.241100968629
586.591703055636
586.900216383933
781.597055319607
975.585176646348
175.770438359631
717.7019482316
568.478714534942
728.459250263956
926.626102444208
216.582542828288
391.823111718485
586.900216383933
781.537058237696
492.393956705695
